time,latency,size
0,18028.57142857143,50.50000000000001
10,14842.105263157895,41.166666666666664
20,14842.105263157895,41.166666666666664
30,12539.473684210523,35.1
40,8240.0,28.1
50,8240.0,28.1
60,4193.333333333333,22.5
70,2256.6666666666665,22.5
80,2256.6666666666665,22.5
90,2243.3333333333335,22.5
100,2216.6666666666665,22.5
110,2216.6666666666665,22.5
120,2467.857142857143,22.500000000000004
130,2856.666666666667,22.5
140,2856.6666666666665,22.5
150,2678.125,21.833333333333332
160,2358.823529411765,18.750000000000004
170,2358.823529411765,18.750000000000004
180,1762.5,15.166666666666666
190,1757.1428571428573,12.5
200,1757.1428571428573,12.5
210,1603.5714285714287,12.5
220,1543.3333333333335,12.5
230,1543.3333333333335,12.5
240,1440.625,12.5
250,1490.6250000000002,12.5
260,1490.6250000000002,12.5
270,1550.0,12.5
280,1516.6666666666667,12.5
290,1516.6666666666667,12.5
300,1463.3333333333333,11.028125000000001
310,1151.6666666666667,7.55625
320,1151.6666666666667,7.55625
330,860.0000000000001,4.096875000000001
340,553.0000000000001,1.5035714285714286
350,553.0000000000001,1.5035714285714286
360,561.6666666666666,1.510714285714286
370,564.3333333333334,1.4964285714285717
380,564.3333333333334,1.4964285714285717
390,603.0,1.3966666666666667
400,635.6666666666666,1.3966666666666667
410,635.6666666666666,1.3966666666666667
420,663.0,1.3966666666666667
430,650.3333333333334,1.41
440,650.3333333333334,1.41
450,709.6428571428572,1.4071428571428573
460,1596.0000000000002,9.125
470,1596.0000000000002,9.125
480,7103.571428571429,34.44285714285714
490,15416.666666666668,78.5
500,15416.666666666668,78.5
510,26416.666666666664,78.5
520,36583.33333333333,78.49999999999999
530,36583.33333333333,78.5
540,45000.0,78.49999999999999
550,70666.66666666666,78.5
560,70666.66666666666,78.5
570,91666.66666666666,78.5
580,81300.00000000001,78.50000000000001
590,81300.00000000001,78.50000000000001
600,89333.33333333334,78.5
610,93750.0,78.5
620,65616.66666666666,78.5
630,65616.66666666666,41.16666666666667
640,3042.857142857143,19.687500000000004
650,2687.5,19.687500000000004
660,2687.5,22.499999999999996
670,2459.3750000000005,22.500000000000004
680,2203.3333333333335,22.500000000000004
690,2203.3333333333335,24.0
700,2203.3333333333335,21.0
710,2216.6666666666665,21.0
720,2216.6666666666665,22.5
730,2210.0,22.5
740,2276.6666666666665,22.5
750,2276.6666666666665,23.333333333333332
760,2153.3333333333335,18.500000000000004
770,1893.3333333333333,18.500000000000004
780,1893.3333333333333,15.166666666666666
790,1566.6666666666665,12.5
800,1463.3333333333333,12.5
810,1463.3333333333333,12.5
820,1423.3333333333333,12.5
830,1436.6666666666667,12.5
840,1436.6666666666667,12.5
850,1333.3333333333333,12.5
860,1476.6666666666667,12.5
870,1476.6666666666667,12.5
880,1463.3333333333333,12.5
890,1400.0,12.5
900,1400.0,12.043333333333335
910,1165.0000000000002,9.74
920,1038.4375000000002,9.74
930,1038.4375000000002,7.423333333333334
940,1058.9285714285716,5.576666666666667
950,1003.3333333333333,5.576666666666667
960,1003.3333333333333,5.576666666666667
970,1034.642857142857,5.596666666666667
980,906.5625,5.596666666666667
990,906.5625,5.61
1000,1033.5714285714287,5.623333333333333
1010,994.0,5.623333333333333
1020,994.0,5.630000000000001
1030,1012.0,5.623333333333333
1040,1015.3333333333333,5.623333333333333
1050,1015.3333333333333,5.621428571428572
1060,1540.7692307692307,16.8375
1070,3934.5454545454545,16.8375
1080,3934.5454545454545,35.54166666666667
1090,8963.636363636362,46.61538461538461
1100,12492.307692307693,46.61538461538461
1110,12492.307692307693,46.892857142857146
1120,14036.666666666666,50.50000000000001
1130,15761.538461538463,50.50000000000001
1140,15761.538461538463,50.5
1150,15563.333333333332,53.866666666666674
1160,18581.81818181818,53.866666666666674
1170,18581.81818181818,50.5
1180,16208.823529411768,53.65625
1190,18653.846153846156,53.65625
