time,latency,size
0,18653.846153846156,50.5
10,14971.428571428572,41.84090909090909
20,11828.94736842105,41.84090909090909
30,11828.94736842105,33.975
40,7947.619047619047,25.736842105263158
50,3671.875,25.736842105263158
60,3671.875,24.0
70,2270.0,22.5
80,2323.3333333333335,22.5
90,2323.3333333333335,22.5
100,2336.6666666666665,22.5
110,2270.0,22.5
120,2270.0,22.5
130,2276.6666666666665,22.5
140,2256.6666666666665,22.5
150,2256.6666666666665,21.0
160,2150.0,20.0
170,1896.6666666666665,20.0
180,1896.6666666666665,16.666666666666664
190,1696.6666666666663,13.333333333333332
200,1653.3333333333333,12.5
210,1653.3333333333333,12.5
220,1536.6666666666665,12.5
230,1456.6666666666667,12.5
240,1456.6666666666667,12.5
250,1406.6666666666665,12.5
260,1503.3333333333333,12.5
270,1503.3333333333333,12.5
280,1563.3333333333333,12.5
290,1453.125,12.5
300,1453.125,11.756666666666666
310,1267.1875000000002,8.06
320,990.0000000000001,5.840000000000001
330,990.0000000000001,4.35
340,756.3333333333334,1.3966666666666667
350,688.0000000000001,1.39
360,688.0000000000001,1.39
370,770.7142857142858,1.41
380,766.0000000000001,1.41
390,766.0000000000001,1.4166666666666667
400,786.0714285714287,1.4233333333333333
410,747.6666666666666,1.42
420,747.6666666666666,1.4166666666666667
430,813.2142857142859,1.41
440,778.3333333333334,1.41
450,778.3333333333334,1.392857142857143
460,1393.6363636363637,9.095
470,3250.625,16.78
480,3250.625,34.41428571428572
490,10687.500000000002,78.5
500,23200.0,78.5
510,23200.0,78.5
520,48000.0,78.5
530,57000.0,78.5
540,57000.0,78.5
550,67875.0,78.5
560,64666.66666666667,78.5
570,64666.66666666667,78.5
580,80000.0,78.5
590,84166.66666666666,78.50000000000001
600,89375.0,58.87500000000001
610,66166.66666666666,61.68749999999999
620,15862.500000000002,45.83333333333333
630,15862.500000000002,45.83333333333333
640,2804.166666666667,35.58333333333333
650,2806.25,24.0
660,2806.25,24.0
670,2290.0000000000005,22.5
680,2389.285714285714,22.5
690,2389.2857142857147,22.5
700,2296.6666666666665,22.5
710,2489.2857142857147,22.5
720,2489.2857142857147,22.5
730,2209.375,22.5
740,2276.6666666666665,22.5
750,2276.6666666666665,22.5
760,1884.3750000000002,19.166666666666668
770,1723.3333333333335,15.833333333333332
780,1723.3333333333335,15.833333333333332
790,1490.0000000000002,12.5
800,1510.0,12.5
810,1510.0,12.5
820,1496.6666666666667,12.5
830,1470.0,12.5
840,1470.0,12.5
850,1416.6666666666667,12.5
860,1430.0000000000002,12.5
870,1430.0000000000002,12.5
880,1476.6666666666667,12.5
890,1483.3333333333333,12.5
900,1483.3333333333333,12.5
910,1398.3333333333333,9.565625
920,1217.6666666666667,7.412499999999999
930,1217.6666666666667,7.412499999999999
940,1061.3333333333333,5.259375000000001
950,1035.0,5.596666666666667
960,1035.0,5.596666666666667
970,1037.3333333333333,5.989285714285715
980,1072.0,5.596666666666667
990,1072.0,5.596666666666667
1000,1012.6666666666666,5.61
1010,1004.6666666666666,5.259375000000001
1020,1004.6666666666666,5.259375000000001
1030,970.0,6.010714285714286
1040,995.6666666666666,6.003571428571429
1050,995.6666666666666,6.003571428571429
1060,1556.1538461538462,17.3
1070,3739.583333333333,33.22692307692308
1080,3739.583333333333,33.22692307692308
1090,8872.727272727272,50.5
1100,11481.818181818182,50.5
1110,11481.818181818182,50.5
1120,14523.076923076926,46.892857142857146
1130,13942.857142857143,47.13333333333333
1140,13942.857142857143,47.13333333333333
1150,15134.375,50.50000000000001
1160,14600.000000000002,54.38461538461539
1170,14600.000000000002,54.38461538461539
1180,15996.666666666666,53.866666666666674
1190,13360.0,50.50000000000001
