time,latency,size
0,15353.94736842105,47.32432432432432
10,13132.051282051283,42.39473684210527
20,13132.051282051283,42.39473684210527
30,11669.23076923077,37.71794871794872
40,10634.210526315792,35.02631578947369
50,10634.210526315792,35.02631578947369
60,8118.750000000001,31.037500000000005
70,6321.951219512195,28.800000000000004
80,6321.951219512195,28.800000000000004
90,4832.926829268293,25.94871794871795
100,2292.8571428571427,22.5
110,2292.8571428571427,22.5
120,2275.714285714286,22.5
130,2270.0000000000005,22.214285714285715
140,2270.0000000000005,22.214285714285715
150,2192.857142857143,20.78571428571429
160,2118.5714285714284,19.357142857142858
170,2118.571428571429,19.357142857142858
180,2021.4285714285713,17.92857142857143
190,1895.7142857142856,16.857142857142858
200,1895.7142857142856,16.857142857142858
210,1781.4285714285713,15.428571428571429
220,1672.8571428571427,13.642857142857142
230,1672.8571428571427,13.642857142857144
240,1564.2857142857142,12.857142857142856
250,1550.0,12.857142857142856
260,1550.0,12.857142857142856
270,1532.8571428571427,12.5
280,1517.4285714285716,11.883333333333333
290,1517.4285714285716,11.883333333333333
300,1344.5833333333335,9.995833333333334
310,1237.142857142857,8.455555555555554
320,1237.142857142857,8.455555555555554
330,1074.3055555555557,7.259722222222222
340,965.4285714285714,5.366666666666668
350,965.4285714285714,5.366666666666668
360,824.7142857142857,3.8208333333333337
370,683.8571428571429,2.6333333333333333
380,683.8571428571429,2.6333333333333333
390,570.0,1.3957142857142857
400,609.1176470588236,1.3871428571428572
410,595.5,1.3871428571428572
420,604.0,1.3842857142857143
430,664.53125,1.4328125000000003
440,953.4482758620691,1.4328125000000003
450,953.4482758620691,4.051724137931034
460,2377.8846153846152,10.294230769230769
470,5013.260869565216,10.294230769230769
480,5013.260869565216,18.972727272727273
490,5883.157894736842,29.871052631578948
500,17539.705882352944,40.05714285714286
510,17539.705882352944,48.60000000000001
520,24575.0,66.75769230769231
530,32438.888888888894,78.5
540,32438.888888888894,78.5
550,37500.0,84.53846153846153
560,55541.66666666667,85.63636363636363
570,55541.66666666667,78.5
580,73000.0,78.5
590,83454.54545454546,78.5
600,83454.54545454546,78.5
610,91000.0,71.95833333333334
620,91000.0,71.95833333333333
630,91000.0,72.46153846153847
640,53032.142857142855,58.58333333333333
650,39113.33333333332,52.892857142857146
660,39113.33333333332,44.89473684210527
670,19175.0,38.5
680,7459.090909090908,28.5625
690,7459.090909090908,28.5625
700,2321.153846153846,25.69642857142857
710,2312.9032258064517,24.30645161290323
720,2312.9032258064517,24.30645161290323
730,2279.1666666666665,22.214285714285715
740,2144.285714285714,21.142857142857142
750,2144.285714285714,21.142857142857142
760,2032.857142857143,19.357142857142858
770,1918.5714285714287,17.92857142857143
780,1918.5714285714287,17.92857142857143
790,1824.2857142857142,16.5
800,1712.857142857143,15.071428571428571
810,1712.857142857143,15.071428571428571
820,1604.2857142857142,13.642857142857144
830,1530.0,12.500000000000002
840,1530.0,12.500000000000002
850,1532.857142857143,12.142857142857142
860,1527.1428571428573,12.5
870,1527.142857142857,12.5
880,1508.4285714285716,12.462857142857144
890,1418.857142857143,11.322857142857144
900,1418.857142857143,11.322857142857144
910,1351.5714285714284,10.338571428571429
920,1286.5714285714287,9.51
930,1286.5714285714287,9.51
940,1225.4285714285716,8.528571428571428
950,1170.4285714285713,7.547142857142856
960,1170.4285714285713,7.547142857142856
970,1103.0000000000002,6.395714285714284
980,1045.2857142857144,5.448571428571429
990,1045.2857142857144,5.448571428571429
1000,1043.4285714285716,5.604285714285715
1010,1035.2857142857144,5.76
1020,1035.2857142857144,5.76
1030,1031.7647058823532,5.439705882352942
1040,1797.5,10.872727272727271
1050,1797.5,10.872727272727271
1060,2932.096774193548,17.18225806451613
1070,4712.656249999999,25.420312499999998
1080,4712.656249999999,25.420312499999998
1090,6736.451612903226,30.85625
1100,8475.16129032258,39.09193548387098
1110,8475.16129032258,39.09193548387098
1120,10718.387096774195,44.7140625
1130,12229.032258064517,48.96969696969696
1140,12229.032258064517,48.96969696969696
1150,12685.294117647061,50.5
1160,12950.000000000002,46.4054054054054
1170,12950.000000000002,46.4054054054054
1180,12987.142857142859,47.69444444444445
1190,11534.615384615385,46.07894736842106
