time,latency,size
0,16474.242424242424,47.388888888888886
10,16474.242424242424,47.388888888888886
20,16444.871794871797,43.32051282051282
30,13767.500000000002,39.73076923076923
40,13767.500000000002,39.73076923076923
50,12031.250000000002,36.50000000000001
60,10097.619047619046,33.42682926829268
70,10097.619047619046,33.42682926829268
80,8213.41463414634,30.25641025641026
90,6583.333333333334,27.262500000000003
100,6583.333333333334,27.262500000000003
110,4957.500000000001,23.256756756756758
120,2355.714285714286,22.5
130,2355.714285714286,22.5
140,2372.857142857143,22.5
150,2348.5714285714284,21.07142857142857
160,2348.5714285714284,21.07142857142857
170,2234.285714285714,19.642857142857142
180,2107.142857142857,18.21428571428571
190,2107.142857142857,18.21428571428571
200,1984.2857142857142,16.785714285714285
210,1885.7142857142858,15.357142857142856
220,1885.7142857142858,15.357142857142856
230,1748.5714285714287,13.928571428571429
240,1587.142857142857,12.5
250,1587.142857142857,12.5
260,1561.4285714285716,12.5
270,1532.857142857143,12.5
280,1532.857142857143,12.5
290,1554.2857142857142,12.5
300,1435.4285714285716,10.918571428571429
310,1435.4285714285716,10.918571428571429
320,1279.5714285714284,9.32857142857143
330,1164.5714285714284,7.744285714285715
340,1164.5714285714284,7.744285714285715
350,1070.4285714285716,6.1571428571428575
360,878.2857142857143,4.57
370,878.2857142857143,4.57
380,780.4285714285713,2.9828571428571427
390,667.7142857142857,1.4014285714285715
400,667.7142857142857,1.4014285714285715
410,669.2857142857142,1.3957142857142857
420,682.4285714285714,1.3985714285714286
430,682.4285714285714,1.3985714285714286
440,681.5714285714286,1.3957142857142857
450,965.9677419354839,6.215625
460,965.9677419354839,6.215625
470,1476.6666666666665,7.109259259259259
480,1656.5909090909092,14.250000000000002
490,1656.5909090909092,14.250000000000002
500,7306.666666666666,25.924999999999997
510,13060.833333333336,35.66111111111111
520,13060.833333333336,35.66111111111111
530,22572.666666666668,52.79666666666667
540,42463.18181818182,78.5
550,42463.18181818182,78.5
560,44041.666666666664,78.5
570,49875.0,78.5
580,49875.0,78.5
590,62642.85714285714,78.5
600,58301.92307692308,60.385192307692314
610,58301.92307692308,60.385192307692314
620,42159.375,41.57779411764706
630,29996.578947368424,27.564374999999995
640,29996.578947368424,27.564374999999995
650,19173.91304347826,19.843854166666663
660,14392.884615384615,9.507788461538462
670,14392.884615384615,9.507788461538462
680,9826.666666666666,3.45698275862069
690,625.1515151515151,1.1061363636363637
700,625.1515151515151,1.1061363636363637
710,678.5714285714286,1.621285714285714
720,797.142857142857,2.3737142857142857
730,797.142857142857,2.3737142857142857
740,892.8571428571428,3.2990000000000004
750,1001.0000000000001,4.722857142857142
760,1044.0,4.722857142857142
770,1099.142857142857,6.324285714285714
780,1201.0,7.822857142857142
790,1271.5714285714287,7.822857142857142
800,1271.5714285714287,8.830000000000002
810,1424.5714285714287,10.394285714285715
820,1478.142857142857,10.394285714285715
830,1478.142857142857,11.418571428571429
840,1480.0,12.237142857142858
850,1514.2857142857142,12.5
860,1514.2857142857142,12.5
870,1595.7142857142858,12.5
880,1601.4285714285713,12.5
890,1601.4285714285713,12.5
900,1580.0,12.267142857142858
910,1450.0,11.811666666666666
920,1450.0,10.925714285714285
930,1387.4285714285716,9.938571428571429
940,1376.4285714285716,9.511666666666667
950,1376.4285714285716,8.954285714285714
960,1294.0,7.9642857142857135
970,1131.857142857143,7.208333333333333
980,1131.857142857143,6.98
990,1021.4285714285714,5.831428571428571
1000,1064.4285714285716,5.598571428571429
1010,1064.4285714285716,5.598571428571429
1020,1057.2857142857144,5.598571428571429
1030,1054.142857142857,5.6000000000000005
1040,1054.142857142857,5.601428571428571
1050,1201.40625,6.963636363636362
1060,2365.0,12.6234375
1070,2365.0,12.6234375
1080,3471.1290322580653,18.059375
1090,5205.483870967742,20.577777777777776
1100,5205.483870967742,24.438709677419357
1110,7166.612903225807,32.090625
1120,9661.774193548388,38.73709677419355
1130,9661.774193548388,38.73709677419355
1140,12403.833333333334,49.19333333333333
1150,13081.818181818182,50.49999999999999
1160,13081.818181818182,50.49999999999999
1170,13450.000000000002,49.01470588235295
1180,15380.30303030303,49.01470588235295
1190,15380.30303030303,49.01470588235295
