time,latency,size
0,5491.666666666666,25.916666666666664
10,2183.3333333333335,22.5
20,2183.3333333333335,22.5
30,2163.3333333333335,22.5
40,2143.3333333333335,22.5
50,2143.3333333333335,22.5
60,2190.0,22.5
70,2216.6666666666665,22.5
80,2216.6666666666665,22.5
90,2216.6666666666665,24.0
100,2223.3333333333335,21.0
110,2223.3333333333335,21.0
120,2030.0,19.166666666666668
130,1863.3333333333333,15.833333333333332
140,1863.3333333333333,15.833333333333332
150,1603.3333333333335,14.000000000000002
160,1523.3333333333333,12.5
170,1523.3333333333333,12.5
180,1430.0,12.5
190,1423.3333333333333,12.5
200,1423.3333333333333,12.5
210,1576.6666666666667,12.5
220,1596.6666666666665,12.5
230,1596.6666666666665,12.5
240,1643.3333333333333,12.5
250,1453.1250000000002,12.5
260,1453.125,12.5
270,1155.9375000000002,8.81
280,836.8750000000001,5.093333333333333
290,836.8750000000001,5.093333333333333
300,627.3333333333334,1.3966666666666667
310,630.6666666666666,1.3700000000000003
320,630.6666666666666,1.3700000000000003
330,627.3333333333334,1.3766666666666667
340,559.6666666666666,1.3566666666666667
350,559.6666666666666,1.3566666666666667
360,549.0,1.3766666666666667
370,554.3333333333334,1.39
380,554.3333333333334,1.39
390,560.3333333333334,1.4033333333333333
400,623.2142857142857,1.5035714285714286
410,623.2142857142857,1.5035714285714286
420,1279.9999999999998,8.409090909090908
430,5729.285714285715,34.650000000000006
440,5729.285714285715,34.650000000000006
450,12366.666666666668,47.1
460,28330.000000000004,94.2
470,28330.000000000004,94.2
480,40499.99999999999,78.5
490,44000.0,91.58333333333333
500,54499.99999999999,91.58333333333333
510,54499.99999999999,78.5
520,71000.0,78.5
530,75750.0,78.5
540,75750.0,78.5
550,82000.00000000001,65.41666666666666
560,44350.0,65.41666666666666
570,44350.0,51.28571428571429
580,13631.250000000002,39.29999999999999
590,2475.0,39.29999999999999
600,2475.0,30.500000000000004
610,2323.3333333333335,22.5
620,2243.3333333333335,22.5
630,2243.3333333333335,22.5
640,2310.0,24.10714285714286
650,2283.3333333333335,24.10714285714286
660,2283.3333333333335,22.5
670,2323.3333333333335,22.5
680,2243.3333333333335,22.5
690,2243.3333333333335,21.093750000000004
700,2223.3333333333335,22.5
710,2016.6666666666667,22.5
720,2016.6666666666665,20.5
730,1770.0,17.166666666666668
740,1570.0000000000002,17.166666666666668
750,1570.0000000000002,13.83333333333333
760,1496.6666666666667,12.5
770,1483.3333333333333,12.5
780,1483.3333333333333,12.5
790,1490.0000000000002,12.5
800,1470.0,12.5
810,1470.0,12.5
820,1490.0000000000002,12.5
830,1423.3333333333333,12.5
840,1423.3333333333333,12.5
850,1450.0,12.5
860,1313.0000000000002,12.5
870,1313.0000000000002,11.500000000000002
880,1203.3333333333333,9.196666666666665
890,1037.6666666666667,9.196666666666665
900,1037.6666666666667,6.9
910,971.0000000000001,5.233333333333333
920,970.6666666666666,5.233333333333333
930,970.6666666666666,5.603333333333333
940,971.3333333333331,5.603333333333333
950,1029.6666666666667,5.603333333333333
960,1029.6666666666667,5.98
970,1013.0000000000001,5.61
980,1021.6666666666666,5.61
990,1021.6666666666666,5.61
1000,1000.3333333333333,5.22
1010,1269.6153846153845,5.22
1020,1269.6153846153845,8.61923076923077
1030,3263.6363636363635,23.833333333333332
1040,9186.363636363636,23.833333333333332
1050,9186.363636363636,43.016666666666666
1060,11538.46153846154,54.38461538461539
1070,12468.75,54.38461538461539
1080,12468.75,53.866666666666674
1090,11513.333333333334,53.866666666666674
1100,11738.235294117647,53.866666666666674
1110,11738.235294117647,50.50000000000001
1120,10564.285714285716,47.13333333333333
1130,11612.500000000002,47.13333333333333
1140,11612.5,50.50000000000001
1150,11239.285714285716,50.5
1160,10189.473684210525,50.5
1170,10189.473684210525,45.83333333333333
1180,6841.666666666666,38.05555555555554
1190,4533.333333333333,38.05555555555554
