time,latency,size
0,17043.333333333332,39.94117647058823
10,13066.666666666666,39.94117647058823
20,13066.666666666666,39.300000000000004
30,9342.499999999998,32.3
40,5860.0,32.3
50,5860.0,31.41176470588235
60,2140.0000000000005,22.5
70,2209.375,22.5
80,2209.375,22.5
90,2440.0000000000005,22.5
100,2426.6666666666665,22.5
110,2426.6666666666665,22.5
120,2080.0000000000005,22.5
130,2283.3333333333335,22.5
140,2283.3333333333335,22.5
150,2096.6666666666665,20.5
160,2026.6666666666663,19.5
170,2026.6666666666663,17.166666666666668
180,1576.6666666666667,13.83333333333333
190,1550.0,12.5
200,1550.0,12.5
210,1543.3333333333335,12.5
220,1543.3333333333335,12.5
230,1543.3333333333335,12.5
240,1483.3333333333333,12.5
250,1456.6666666666667,12.5
260,1456.6666666666667,12.5
270,1443.3333333333333,12.5
280,1476.6666666666667,12.5
290,1476.6666666666667,12.5
300,1277.0000000000002,9.640625
310,978.6666666666667,8.340909090909092
320,978.6666666666667,6.1625
330,681.0,2.696875
340,574.3333333333334,1.39
350,574.3333333333334,1.39
360,562.3333333333334,1.4033333333333333
370,561.6666666666666,1.39
380,561.6666666666666,1.39
390,555.0,1.39
400,564.3333333333334,1.3833333333333333
410,564.3333333333334,1.3833333333333333
420,553.6666666666666,1.3966666666666667
430,562.3333333333334,1.3966666666666667
440,562.3333333333334,1.3966666666666667
450,552.5,8.663636363636364
460,1708.1250000000002,14.708333333333332
470,1708.1250000000002,23.82142857142857
480,18056.0,79.20000000000002
490,29687.5,78.5
500,29687.5,78.5
510,34500.0,78.5
520,45750.00000000001,78.5
530,45750.00000000001,62.8
540,57666.666666666664,78.5
550,81125.0,78.5
560,81125.0,78.5
570,62571.42857142859,91.58333333333333
580,87300.0,78.5
590,87300.0,78.5
600,90000.00000000001,78.5
610,191000.00000000003,78.5
620,191000.00000000003,78.5
630,2025.0000000000002,43.5
640,3127.777777777777,31.833333333333332
650,3127.777777777777,31.833333333333332
660,2510.0,22.5
670,2876.6666666666665,22.5
680,2876.6666666666665,22.5
690,2173.3333333333335,22.5
700,2467.857142857143,22.5
710,2467.857142857143,22.5
720,2000.0000000000002,22.5
730,2276.6666666666665,22.5
740,2276.6666666666665,22.5
750,2121.8750000000005,21.833333333333332
760,2160.0,18.500000000000004
770,2160.0,18.500000000000004
780,1787.4999999999998,15.166666666666666
790,1640.0,12.5
800,1640.0,12.5
810,1523.3333333333333,12.5
820,1483.3333333333333,12.5
830,1483.3333333333333,12.5
840,1530.0,12.5
850,1490.0000000000002,12.5
860,1490.0000000000002,12.5
870,1490.0000000000002,12.5
880,1483.3333333333333,12.5
890,1483.3333333333333,12.5
900,1523.3333333333333,12.036666666666665
910,1399.6666666666667,9.72
920,1399.6666666666667,9.72
930,1232.3333333333333,7.43
940,1014.6666666666667,5.59
950,1014.6666666666667,5.59
960,970.0,5.61
970,917.3333333333331,5.603333333333333
980,917.3333333333331,5.603333333333333
990,970.3333333333333,5.61
1000,993.3333333333333,5.61
1010,993.3333333333333,5.61
1020,1029.3333333333333,5.61
1030,1020.6666666666667,5.61
1040,1020.6666666666667,5.61
1050,1092.5,5.6000000000000005
1060,2142.692307692308,19.41153846153846
1070,2142.692307692308,19.41153846153846
1080,4258.076923076923,36.676923076923075
1090,7538.461538461539,50.5
1100,7538.461538461539,50.5
1110,10611.538461538461,46.892857142857146
1120,12373.076923076924,50.50000000000001
1130,12373.076923076924,50.50000000000001
1140,12714.285714285716,50.50000000000001
1150,10242.857142857145,54.10714285714287
1160,10242.857142857145,54.10714285714287
1170,12278.571428571431,50.5
1180,13635.714285714286,50.50000000000001
1190,13635.714285714286,50.50000000000001
