time,latency,size
0,12350.0,48.14473684210527
10,12350.0,48.14473684210527
20,11141.02564102564,42.02564102564103
30,9892.307692307693,38.43589743589744
40,9892.307692307693,38.43589743589744
50,8455.128205128205,34.84615384615385
60,7337.500000000001,32.55128205128205
70,7337.500000000001,32.55128205128205
80,5918.292682926829,30.256410256410255
90,3992.500000000001,25.371794871794876
100,3992.500000000001,25.371794871794876
110,2472.8571428571427,22.5
120,2513.2352941176473,22.5
130,2513.2352941176473,22.5
140,2517.142857142857,22.5
150,2417.1428571428573,21.07142857142857
160,2417.1428571428573,21.07142857142857
170,2240.0,19.642857142857142
180,2114.285714285714,18.21428571428571
190,2114.285714285714,18.21428571428571
200,1994.2857142857142,16.785714285714285
210,1888.5714285714287,15.357142857142856
220,1888.5714285714287,15.357142857142856
230,1711.1111111111113,13.928571428571429
240,1584.2857142857142,12.5
250,1584.2857142857142,12.5
260,1578.5714285714284,12.5
270,1590.0,12.5
280,1590.0,12.5
290,1555.0000000000002,12.5
300,1411.7142857142858,10.912857142857144
310,1411.7142857142858,10.912857142857142
320,1272.4285714285713,9.32857142857143
330,1117.4285714285716,7.741428571428573
340,1117.4285714285716,7.741428571428573
350,961.2857142857143,6.151428571428571
360,828.5714285714284,4.567142857142858
370,828.5714285714284,4.567142857142858
380,680.7142857142858,2.9800000000000004
390,572.1428571428572,1.3957142857142857
400,572.1428571428572,1.3957142857142857
410,565.0000000000001,1.392857142857143
420,565.5714285714286,1.392857142857143
430,565.5714285714286,1.392857142857143
440,563.2352941176471,1.4338235294117647
450,823.8333333333333,4.013333333333333
460,823.8333333333333,4.013333333333333
470,1585.0000000000002,7.105555555555556
480,5288.958333333334,17.516666666666666
490,5288.958333333334,17.516666666666666
500,9533.809523809523,25.924999999999997
510,14830.882352941175,37.76470588235295
520,14830.882352941175,37.76470588235295
530,20769.166666666664,50.96071428571429
540,41404.545454545456,72.89285714285714
550,41404.545454545456,72.89285714285714
560,48583.33333333333,78.49999999999999
570,53999.99999999999,78.5
580,53999.99999999999,78.5
590,62166.66666666667,72.46153846153847
600,40482.5,58.878343750000006
610,40482.5,58.878343750000006
620,27081.5625,41.15345238095237
630,20779.04761904762,32.82822916666667
640,20779.04761904762,32.82822916666667
650,10079.782608695652,19.1377
660,3846.538461538462,8.949732142857144
670,3846.538461538462,8.949732142857144
680,678.8333333333333,8.201328125
690,723.2857142857142,5.577569444444445
700,723.2857142857142,5.577569444444445
710,791.2857142857143,1.8968285714285713
720,878.4285714285714,2.7191428571428573
730,878.4285714285714,2.7191428571428573
740,966.8571428571429,3.716142857142857
750,1077.5714285714284,5.371428571428571
760,1077.5714285714284,5.371428571428571
770,1162.5714285714284,6.938571428571429
780,1248.142857142857,8.385714285714286
790,1248.142857142857,8.385714285714286
800,1319.5714285714287,9.69
810,1407.5714285714284,10.82857142857143
820,1407.5714285714284,10.82857142857143
830,1484.2857142857142,11.772857142857143
840,1524.2857142857142,12.5
850,1524.2857142857142,12.5
860,1521.4285714285713,12.5
870,1538.5714285714284,12.5
880,1538.5714285714284,12.5
890,1447.142857142857,12.5
900,1394.142857142857,11.515714285714285
910,1394.142857142857,11.515714285714285
920,1329.142857142857,10.53142857142857
930,1250.5714285714287,9.544285714285715
940,1250.5714285714287,9.544285714285715
950,1187.2857142857142,8.557142857142859
960,1114.5714285714284,7.575714285714286
970,1114.5714285714284,7.575714285714286
980,1025.5714285714287,6.585714285714285
990,1039.4285714285716,5.598571428571429
1000,1039.4285714285716,5.598571428571429
1010,1035.2857142857144,5.595714285714285
1020,1036.857142857143,5.595714285714285
1030,1036.857142857143,5.595714285714285
1040,1070.5882352941178,5.760294117647058
1050,1273.181818181818,9.67878787878788
1060,1273.181818181818,9.67878787878788
1070,2601.8750000000005,15.414062499999998
1080,4195.833333333333,20.85625
1090,4195.833333333333,20.85625
1100,6219.032258064516,30.40161290322581
1110,7515.806451612903,34.89062500000001
1120,7515.806451612903,34.89062500000001
1130,10267.000000000002,41.9046875
1140,11440.322580645163,48.92187500000001
1150,11440.322580645163,48.92187500000001
1160,13067.187500000002,52.078125
1170,13172.727272727274,47.69444444444445
1180,13172.727272727274,47.69444444444445
1190,12540.0,49.01470588235294
