time,latency,size
0,12000.0,43.421052631578945
10,12000.0,43.421052631578945
20,9575.0,38.05555555555554
30,6539.473684210526,29.775000000000002
40,6539.473684210526,29.775000000000002
50,2230.0000000000005,22.5
60,2250.0,22.5
70,2250.0,22.5
80,2230.0000000000005,22.5
90,2263.3333333333335,22.5
100,2263.3333333333335,22.5
110,2250.0,24.10714285714286
120,2230.0000000000005,22.5
130,2263.3333333333335,22.5
140,2263.3333333333335,22.5
150,2200.0000000000005,19.21875
160,1890.0,19.21875
170,1890.0,17.166666666666668
180,1673.3333333333333,14.666666666666668
190,1353.3333333333333,14.666666666666668
200,1353.3333333333333,12.5
210,1580.0,12.5
220,1516.6666666666667,12.5
230,1516.6666666666667,11.666666666666666
240,1600.0000000000002,12.5
250,1456.6666666666667,12.5
260,1456.6666666666667,12.5
270,1436.6666666666667,13.333333333333332
280,1470.0,13.333333333333332
290,1470.0,12.5
300,1149.3750000000002,10.373333333333333
310,863.4375000000001,10.373333333333333
320,863.4375000000001,5.83
330,599.3333333333334,2.9666666666666663
340,566.0714285714287,2.9666666666666663
350,566.0714285714287,1.4033333333333333
360,628.9285714285714,1.4033333333333333
370,657.0,1.4033333333333333
380,657.0,1.4033333333333333
390,688.3333333333334,1.39
400,676.3333333333334,1.39
410,676.3333333333334,1.41
420,661.0000000000001,1.41
430,673.6666666666666,1.41
440,673.6666666666666,1.3966666666666667
450,1449.5833333333333,7.804166666666666
460,4550.0,7.804166666666666
470,4550.0,30.45
480,9391.25,78.95
490,26750.000000000004,78.95
500,26750.000000000004,78.5
510,44700.00000000001,78.5
520,34750.0,78.5
530,34750.0,78.5
540,52166.66666666667,91.58333333333333
550,58999.99999999999,91.58333333333333
560,58999.99999999999,78.5
570,114500.0,78.5
580,76166.66666666667,78.5
590,76166.66666666667,78.5
600,81000.0,78.5
610,0.0,67.28571428571429
620,0.0,67.28571428571429
630,2108.333333333333,42.65
640,2181.8181818181815,27.28571428571428
650,2181.8181818181815,27.28571428571428
660,2296.6666666666665,22.5
670,2150.0,22.5
680,2150.0,22.5
690,2183.3333333333335,24.10714285714285
700,2223.3333333333335,22.5
710,2223.3333333333335,22.5
720,2290.0000000000005,22.5
730,2243.3333333333335,22.5
740,2243.3333333333335,22.5
750,2156.6666666666665,19.84375
760,1896.6666666666665,16.71875
770,1896.6666666666665,16.71875
780,1670.0,13.59375
790,1536.6666666666665,12.5
800,1536.6666666666665,12.5
810,1550.0,12.5
820,1523.3333333333333,12.5
830,1523.3333333333333,12.5
840,1543.3333333333335,12.5
850,1503.3333333333333,12.5
860,1503.3333333333333,12.5
870,1530.0,12.5
880,1476.6666666666667,12.5
890,1476.6666666666667,12.5
900,1546.6666666666667,11.58
910,1346.0000000000002,9.29
920,1346.0000000000002,9.29
930,1178.6666666666667,6.993333333333333
940,956.0000000000001,5.603333333333333
950,956.0000000000001,5.603333333333333
960,981.0,5.596666666666667
970,991.6666666666666,5.596666666666667
980,991.6666666666666,5.596666666666667
990,999.3333333333333,5.596666666666667
1000,990.6666666666667,5.59
1010,990.6666666666667,5.59
1020,1014.0,5.583333333333333
1030,935.3333333333331,5.61
1040,935.3333333333331,5.61
1050,1341.9230769230771,10.2875
1060,3907.9166666666665,24.791666666666664
1070,3907.9166666666674,24.791666666666664
1080,7390.909090909092,36.24999999999999
1090,8400.0,43.766666666666666
1100,8400.0,43.766666666666666
1110,9590.0,47.13333333333333
1120,10433.333333333334,54.10714285714287
1130,10433.333333333334,54.10714285714287
1140,12417.857142857145,53.866666666666674
1150,11510.0,57.71428571428572
1160,11510.0,57.71428571428572
1170,10900.0,50.5
1180,11217.857142857141,50.50000000000001
1190,11217.857142857141,50.50000000000001
