time,latency,size
0,18772.727272727272,46.61538461538462
10,15584.21052631579,48.638888888888886
20,15320.0,37.9
30,15320.0,37.9
40,10732.608695652176,32.68181818181819
50,7622.222222222222,25.611111111111107
60,7622.222222222222,25.611111111111107
70,2303.3333333333335,22.5
80,2330.0,22.5
90,2330.0,22.5
100,2250.0,22.5
110,2190.0,22.5
120,2190.0,22.5
130,2203.3333333333335,22.5
140,2236.6666666666665,22.5
150,2236.6666666666665,22.5
160,2063.3333333333335,19.833333333333332
170,1850.0,16.500000000000004
180,1850.0,16.5
190,1583.3333333333333,13.166666666666668
200,1563.3333333333333,12.5
210,1563.3333333333333,12.5
220,1510.0,12.5
230,1503.3333333333333,12.5
240,1503.3333333333333,12.5
250,1470.0,12.5
260,1516.6666666666667,12.5
270,1516.6666666666667,12.5
280,1550.0,12.5
290,1536.6666666666665,12.5
300,1536.6666666666665,12.5
310,1248.4375,9.533333333333333
320,978.4375,5.836666666666667
330,978.4375,5.836666666666667
340,668.7500000000001,2.1400000000000006
350,584.3333333333334,1.3966666666666667
360,584.3333333333334,1.3966666666666667
370,590.0,1.3966666666666667
380,621.3333333333334,1.3966666666666667
390,621.3333333333334,1.3966666666666667
400,661.0000000000001,1.41
410,639.0,1.3966666666666667
420,639.0,1.3966666666666667
430,651.0,1.4033333333333333
440,663.0,1.4033333333333333
450,663.0,1.4033333333333333
460,1453.6363636363635,7.845833333333334
470,3199.285714285715,23.642857142857146
480,3199.285714285715,23.642857142857146
490,6293.333333333333,78.86250000000001
500,26916.666666666664,78.5
510,26916.666666666664,78.5
520,38166.666666666664,78.5
530,45900.0,78.5
540,45900.0,78.5
550,44400.0,94.2
560,53583.333333333336,78.5
570,53583.33333333333,78.5
580,94875.00000000001,78.5
590,105333.33333333333,78.5
600,105333.33333333333,78.5
610,46628.33333333333,26.170333333333332
620,12196.111111111108,7.899750000000001
630,7639.333333333333,5.385500000000001
640,7639.333333333333,5.385500000000001
650,744.6428571428571,0.4180333333333333
660,746.3333333333334,0.8563333333333334
670,746.3333333333334,0.8563333333333334
680,758.5714285714287,1.4673333333333332
690,829.0,2.25
700,829.0,2.25
710,902.0000000000001,3.21
720,958.0,3.933333333333333
730,958.0,3.933333333333333
740,1053.0,5.133333333333333
750,1239.0,7.256666666666666
760,1239.0,7.256666666666666
770,1396.3333333333333,9.970000000000002
780,1490.0000000000002,11.886666666666667
790,1490.0000000000002,11.886666666666667
800,1503.3333333333333,12.5
810,1543.3333333333335,12.5
820,1543.3333333333335,12.5
830,1523.3333333333333,12.5
840,1536.6666666666665,12.5
850,1536.6666666666665,12.5
860,1556.6666666666667,12.5
870,1590.0,12.5
880,1590.0,12.5
890,1616.6666666666667,12.5
900,1478.0000000000002,11.110000000000001
910,1478.0000000000002,11.110000000000001
920,1303.6666666666667,9.176666666666666
930,1085.3333333333333,6.51
940,1085.3333333333333,6.51
950,1000.6666666666666,5.603333333333333
960,1017.6666666666667,5.616666666666667
970,1017.6666666666667,5.616666666666667
980,1012.3333333333333,5.603333333333333
990,1031.0000000000002,5.61
1000,1031.0000000000002,5.61
1010,1020.0,5.246666666666667
1020,996.0,5.636666666666666
1030,996.0,5.636666666666667
1040,979.6666666666666,5.623333333333333
1050,1245.3846153846152,9.816666666666666
1060,1245.3846153846152,9.816666666666666
1070,4842.083333333333,31.104545454545452
1080,8189.166666666667,43.016666666666666
1090,8189.166666666667,43.016666666666666
1100,11142.307692307693,54.38461538461539
1110,13130.769230769232,41.03125
1120,13130.769230769232,41.03125
1130,14970.833333333332,54.708333333333336
1140,14832.142857142857,43.28571428571429
1150,14832.142857142857,43.28571428571429
1160,17061.53846153846,59.68181818181819
1170,17384.375,50.5
1180,17384.375,50.5
1190,21165.384615384613,54.10714285714287
