time,latency,size
0,4415.78947368421,27.166666666666664
10,4415.78947368421,27.166666666666664
20,2290.0000000000005,22.5
30,2165.6250000000005,22.5
40,2165.6250000000005,22.5
50,2432.1428571428573,22.5
60,2103.125,22.5
70,2103.125,22.5
80,2339.2857142857147,22.5
90,2015.625,22.5
100,2015.625,22.5
110,2213.3333333333335,22.5
120,1825.0,19.166666666666668
130,1825.0,19.166666666666668
140,1656.6666666666665,15.833333333333332
150,1476.6666666666667,12.5
160,1476.6666666666667,12.5
170,1563.3333333333333,12.5
180,1620.0,12.5
190,1620.0,12.5
200,1483.3333333333333,12.5
210,1293.3333333333333,12.5
220,1293.3333333333333,12.5
230,1326.6666666666667,12.5
240,1450.0,12.5
250,1450.0,12.5
260,1549.0000000000002,11.718750000000002
270,1203.3333333333333,8.253125
280,1203.3333333333333,8.253125
290,803.0000000000001,4.781250000000001
300,540.3333333333334,1.4033333333333333
310,540.3333333333334,1.4033333333333333
320,580.3333333333334,1.3966666666666667
330,585.6666666666666,1.4033333333333333
340,585.6666666666666,1.4033333333333333
350,596.3333333333334,1.3966666666666667
360,609.0,1.4033333333333333
370,609.0,1.4033333333333333
380,621.0,1.39
390,659.6666666666666,1.39
400,659.6666666666666,1.39
410,675.7142857142858,1.603846153846154
420,1465.5000000000002,10.277777777777777
430,1465.5000000000002,10.277777777777777
440,6738.571428571429,40.425
450,18712.5,62.8
460,18712.5,62.8
470,29700.0,65.41666666666666
480,42833.33333333333,78.5
490,42833.33333333333,78.5
500,48500.0,89.71428571428572
510,52249.99999999999,94.2
520,52249.99999999999,94.2
530,72000.00000000001,78.5
540,83000.0,78.5
550,58550.0,78.5
560,58550.0,78.5
570,19407.14285714286,36.72727272727273
580,8860.714285714286,35.93333333333334
590,8860.714285714286,35.93333333333334
600,7013.888888888888,30.157894736842106
610,5433.333333333333,32.3125
620,5433.333333333333,32.3125
630,2290.0000000000005,22.5
640,2256.6666666666665,22.5
650,2256.6666666666665,22.5
660,2243.3333333333335,22.5
670,2256.6666666666665,22.5
680,2256.6666666666665,22.5
690,2290.0000000000005,22.5
700,2283.3333333333335,22.5
710,2283.3333333333335,22.5
720,1928.1249999999998,19.166666666666668
730,1750.0000000000002,15.833333333333332
740,1750.0000000000002,15.833333333333332
750,1434.3750000000002,12.5
760,1470.0,12.5
770,1470.0,12.5
780,1396.8750000000002,12.5
790,1496.6666666666667,12.5
800,1496.6666666666667,12.5
810,1496.6666666666667,12.5
820,1443.3333333333333,12.5
830,1443.3333333333333,12.5
840,1436.6666666666667,12.5
850,1491.0,12.5
860,1491.0,12.5
870,1288.0,10.203333333333331
880,1131.3333333333333,7.893333333333333
890,1131.3333333333333,7.893333333333333
900,956.3333333333331,5.59
910,1068.0,5.570000000000001
920,1068.0,5.570000000000001
930,1134.6666666666667,5.583333333333333
940,1063.6666666666667,5.596666666666667
950,1063.6666666666667,5.596666666666667
960,1030.6666666666667,5.603333333333333
970,1017.6666666666667,5.583333333333333
980,1017.6666666666667,5.583333333333333
990,1009.0,5.583333333333333
1000,1080.357142857143,5.989285714285715
1010,1080.357142857143,5.989285714285715
1020,2005.8333333333335,15.96923076923077
1030,5610.416666666666,35.99583333333333
1040,5610.416666666666,35.99583333333333
1050,9461.538461538463,50.5
1060,9825.000000000002,50.5
1070,9825.000000000002,50.5
1080,10106.666666666666,44.1875
1090,9643.333333333334,47.34375
1100,9643.333333333334,47.34375
1110,10273.076923076924,50.50000000000001
1120,9319.230769230768,50.5
1130,9319.230769230768,50.5
1140,11026.923076923076,46.892857142857146
1150,11034.615384615387,50.5
1160,11034.615384615387,50.5
1170,10988.888888888889,45.52777777777777
1180,7375.0,37.75
1190,7375.0,37.75
