time,latency,size
0,19798.52941176471,47.69444444444445
10,17963.749999999996,46.30000000000001
20,15490.243902439024,42.8
30,15490.243902439024,42.8
40,13336.250000000002,38.0375
50,11542.857142857141,36.15853658536586
60,11542.857142857141,36.15853658536586
70,9306.250000000002,32.300000000000004
80,7230.487804878049,28.097560975609756
90,7230.487804878049,28.097560975609756
100,4492.682926829269,26.631578947368418
110,2410.0000000000005,22.500000000000004
120,2410.0000000000005,22.500000000000004
130,2465.714285714286,22.5
140,2445.714285714286,22.21428571428571
150,2445.714285714286,22.21428571428571
160,2297.1428571428573,20.785714285714285
170,2168.571428571429,19.357142857142858
180,2168.571428571429,19.357142857142858
190,2051.4285714285716,17.92857142857143
200,1942.857142857143,16.041666666666664
210,1942.857142857143,16.041666666666664
220,1785.7142857142856,14.652777777777779
230,1610.0,13.26388888888889
240,1610.0,13.26388888888889
250,1518.5714285714287,12.5
260,1530.0,12.499999999999998
270,1552.857142857143,12.499999999999998
280,1552.857142857143,12.500000000000002
290,1466.388888888889,11.845833333333335
300,1325.1388888888891,11.845833333333335
310,1325.1388888888891,10.600000000000001
320,1208.8888888888891,9.012857142857143
330,1069.5833333333333,9.012857142857143
340,1069.5833333333333,7.434285714285713
350,944.1666666666665,5.690277777777778
360,801.25,5.690277777777778
370,801.25,4.15
380,666.1111111111111,2.6125000000000003
390,566.1428571428572,1.42
400,566.1428571428572,1.4185714285714286
410,578.9705882352941,1.4157142857142857
420,570.1428571428572,1.42
430,570.1428571428572,1.4157142857142857
440,588.90625,1.49375
450,905.7142857142857,1.5055555555555558
460,905.7142857142857,4.108620689655172
470,1789.7916666666663,7.623999999999999
480,5050.952380952381,9.1725
490,5050.952380952381,15.475
500,8120.29411764706,21.678947368421056
510,18738.125000000004,28.925000000000004
520,18738.125000000004,44.934375
530,29667.500000000004,56.464285714285715
540,43295.0,65.41666666666667
550,43295.0,78.5
560,50400.00000000001,78.50000000000001
570,62583.33333333333,78.5
580,62583.33333333333,78.5
590,70500.0,83.73333333333333
600,74100.00000000001,90.57692307692308
610,74100.00000000001,90.57692307692307
620,82357.14285714286,78.5
630,53649.99999999999,70.5
640,53649.99999999999,70.5
650,33185.71428571429,50.78947368421053
660,22111.111111111113,45.40909090909091
670,22111.111111111113,45.40909090909091
680,7102.5,36.5
690,2535.4166666666665,25.942307692307693
700,2535.4166666666665,25.942307692307693
710,2520.6896551724144,25.387096774193548
720,2486.764705882353,21.83823529411765
730,2486.764705882353,21.83823529411765
740,2422.857142857143,23.142857142857142
750,2288.571428571429,21.07142857142857
760,2288.571428571429,21.07142857142857
770,2138.571428571429,19.642857142857142
780,2018.5714285714287,18.21428571428571
790,2018.5714285714287,18.21428571428571
800,1982.857142857143,16.78571428571429
810,1848.571428571429,15.357142857142856
820,1848.571428571429,15.357142857142856
830,1740.0,13.928571428571429
840,1564.285714285714,12.5
850,1564.285714285714,12.5
860,1561.4285714285716,12.5
870,1538.5714285714284,12.5
880,1538.5714285714284,12.5
890,1550.0,12.5
900,1462.7142857142858,11.515714285714285
910,1462.7142857142858,11.515714285714285
920,1395.857142857143,10.53142857142857
930,1326.7142857142858,9.547142857142859
940,1326.7142857142858,9.547142857142859
950,1259.7142857142858,8.560000000000002
960,1190.2857142857142,7.572857142857142
970,1190.2857142857142,7.572857142857141
980,1107.857142857143,6.591428571428571
990,1037.0000000000002,5.601428571428571
1000,1037.0000000000002,5.601428571428571
1010,1047.0,5.595714285714286
1020,1049.2857142857144,5.587142857142857
1030,1049.2857142857144,5.587142857142857
1040,1068.529411764706,5.748529411764705
1050,1765.909090909091,9.666666666666666
1060,1765.909090909091,9.666666666666666
1070,2611.09375,16.471212121212123
1080,4174.6875,21.739393939393942
1090,4174.6875,21.739393939393942
1100,5470.000000000001,29.439062499999995
1110,7455.645161290321,36.45937500000001
1120,7455.645161290321,36.45937500000001
1130,9978.548387096775,43.4828125
1140,11553.125,50.5
1150,11553.125,50.50000000000001
1160,12662.121212121212,49.01470588235294
1170,13405.882352941177,50.5
1180,13405.882352941177,50.5
1190,13695.588235294117,53.560606060606055
