time,latency,size
0,4336.11111111111,32.138888888888886
10,4336.11111111111,27.166666666666664
20,2256.666666666667,22.5
30,2230.0000000000005,22.5
40,2230.0000000000005,22.5
50,2163.3333333333335,22.5
60,2156.6666666666665,22.5
70,2156.6666666666665,22.5
80,2190.0,22.5
90,2250.0,22.5
100,2250.0,22.5
110,2230.0000000000005,23.333333333333332
120,1943.3333333333333,23.333333333333332
130,1943.3333333333333,20.000000000000004
140,1663.3333333333335,16.666666666666664
150,1530.0,16.666666666666664
160,1530.0,11.666666666666666
170,1563.3333333333333,12.5
180,1570.0,12.5
190,1570.0000000000002,12.5
200,1496.6666666666667,13.333333333333332
210,1463.3333333333333,13.333333333333332
220,1463.3333333333333,12.5
230,1456.6666666666667,12.5
240,1450.0,12.5
250,1450.0,12.5
260,1304.6875,11.756666666666666
270,1008.7500000000002,11.756666666666666
280,1008.7500000000002,8.046666666666667
290,716.5625000000001,4.336666666666667
300,529.6666666666666,4.336666666666667
310,529.6666666666666,1.3766666666666667
320,539.0,1.3700000000000003
330,550.3333333333334,1.3700000000000003
340,550.3333333333334,1.3766666666666667
350,550.3333333333334,1.3766666666666667
360,553.0000000000001,1.3766666666666667
370,553.0000000000001,1.4033333333333333
380,557.6666666666666,1.41
390,549.6666666666666,1.41
400,549.6666666666666,1.4233333333333333
410,589.2307692307692,1.5153846153846156
420,2509.5,1.5153846153846156
430,2509.5,16.965
440,8208.57142857143,45.64285714285714
450,15950.0,45.64285714285714
460,15950.0,67.28571428571429
470,26700.0,78.5
480,33750.00000000001,78.49999999999999
490,33750.0,67.28571428571429
500,45700.0,94.2
510,52250.0,94.2
520,52250.0,58.875
530,81875.0,98.12500000000001
540,71700.0,98.12500000000001
550,71700.0,65.41666666666666
560,76000.0,94.19999999999999
570,81500.0,62.8
580,81500.0,78.5
590,3350.0,51.28571428571429
600,2318.75,40.4
610,2318.75,31.449999999999996
620,2276.923076923077,20.76923076923077
630,2060.0,25.0
640,2060.0,24.10714285714286
650,2243.3333333333335,24.107142857142854
660,2243.3333333333335,22.5
670,2243.3333333333335,22.5
680,2230.0000000000005,22.5
690,2380.0000000000005,22.5
700,2380.0000000000005,22.5
710,2413.3333333333335,21.09375
720,2153.3333333333335,20.454545454545453
730,2153.3333333333335,17.968750000000004
740,1756.6666666666663,14.84375
750,1463.3333333333333,12.5
760,1463.3333333333333,12.5
770,1463.3333333333333,12.5
780,1463.3333333333333,12.5
790,1463.3333333333333,12.5
800,1483.3333333333333,12.5
810,1536.6666666666665,12.5
820,1536.6666666666665,12.5
830,1583.3333333333333,12.5
840,1630.0000000000002,12.5
850,1630.0000000000002,12.5
860,1577.6666666666667,12.87
870,1351.3333333333333,10.19
880,1351.3333333333333,10.19
890,1131.6666666666667,8.27
900,989.0000000000001,5.233333333333333
910,989.0000000000001,5.233333333333333
920,1005.3333333333333,5.623333333333333
930,1036.6666666666667,5.26
940,1036.6666666666667,5.26
950,1045.3333333333333,5.993333333333333
960,1053.0,5.61
970,1053.0,5.61
980,1028.3333333333333,5.973333333333333
990,1009.0,5.226666666666667
1000,1009.0,5.226666666666667
1010,990.7142857142859,5.996428571428572
1020,1534.5833333333335,12.604166666666666
1030,1534.5833333333335,12.604166666666666
1040,6358.333333333333,35.99583333333333
1050,9723.076923076924,50.5
1060,9723.076923076924,50.5
1070,10346.875,50.5
1080,9923.333333333334,54.10714285714287
1090,9923.333333333334,54.10714285714287
1100,9817.857142857145,50.5
1110,12426.923076923078,50.50000000000001
1120,12426.923076923078,50.50000000000001
1130,13075.000000000002,43.76666666666667
1140,14721.428571428574,54.10714285714287
1150,14721.428571428574,54.10714285714287
1160,14456.250000000002,50.50000000000001
1170,11747.368421052632,45.52777777777778
1180,11747.368421052632,45.52777777777778
1190,8422.5,33.975
