time,latency,size
0,15014.705882352942,49.01470588235295
10,14746.05263157895,46.07894736842106
20,12905.128205128205,45.558823529411775
30,12905.128205128205,42.6025641025641
40,10973.75,39.300000000000004
50,10068.42105263158,36.92424242424242
60,10068.42105263158,35.02631578947368
70,8071.250000000003,32.3
80,6335.000000000002,29.08823529411765
90,6335.000000000002,28.24358974358974
100,4460.256410256411,25.30263157894737
110,2335.714285714286,22.5
120,2335.714285714286,22.5
130,2332.857142857143,22.5
140,2352.8571428571427,22.5
150,2352.8571428571427,21.59722222222223
160,2280.0,20.208333333333332
170,2130.0,19.838709677419352
180,2130.0,18.819444444444446
190,2001.4285714285713,17.92857142857143
200,1948.5714285714287,16.04166666666667
210,1948.5714285714287,16.04166666666667
220,1820.0,14.65277777777778
230,1708.5714285714287,13.26388888888889
240,1708.5714285714287,13.26388888888889
250,1582.857142857143,12.5
260,1497.142857142857,12.5
270,1497.142857142857,12.5
280,1518.5714285714284,12.5
290,1478.7500000000002,11.883333333333335
300,1478.7500000000002,11.883333333333335
310,1271.1111111111113,10.63857142857143
320,1170.4166666666667,9.057142857142857
330,1170.4166666666667,9.057142857142859
340,1058.888888888889,7.4728571428571415
350,944.3055555555557,5.885714285714285
360,944.3055555555557,5.885714285714285
370,863.6111111111113,4.298571428571428
380,752.0833333333334,2.717142857142857
390,752.0833333333334,2.717142857142857
400,652.4285714285714,1.41
410,679.0000000000001,1.41
420,679.0000000000001,1.41
430,675.2857142857142,1.4042857142857144
440,702.1212121212121,1.4045454545454545
450,702.1212121212121,1.4045454545454545
460,1027.4137931034484,6.546666666666666
470,2330.769230769231,10.30576923076923
480,2330.769230769231,10.30576923076923
490,3902.954545454545,15.422727272727274
500,4851.176470588235,25.75
510,4851.176470588235,25.75
520,10485.76923076923,39.95
530,16615.0,57.47727272727273
540,16615.0,60.71153846153846
550,25990.000000000004,78.5
560,41900.00000000001,78.5
570,41900.00000000001,78.5
580,58500.0,71.36363636363636
590,50610.00000000001,65.41697916666666
600,50610.00000000001,65.41697916666666
610,26630.0,49.36691666666666
620,15753.571428571428,38.666875000000005
630,15753.571428571428,38.666875000000005
640,12231.578947368424,31.0239880952381
650,10164.583333333334,27.42015
660,10164.583333333334,27.42015
670,5942.857142857142,22.892991071428572
680,5422.727272727273,23.5469921875
690,5422.727272727273,23.5469921875
700,2435.714285714286,22.5
710,2412.8571428571427,22.5
720,2412.8571428571427,22.5
730,2415.714285714286,22.5
740,2462.857142857143,22.5
750,2462.857142857143,22.5
760,2327.1428571428573,20.486111111111114
770,2242.857142857143,19.097222222222225
780,2242.857142857143,19.097222222222225
790,2047.1428571428569,18.21428571428571
800,1938.571428571429,16.319444444444443
810,1938.571428571429,16.319444444444443
820,1851.4285714285716,15.357142857142854
830,1731.4285714285713,13.928571428571429
840,1731.4285714285713,13.928571428571429
850,1561.4285714285716,12.5
860,1552.857142857143,12.867647058823529
870,1552.857142857143,12.867647058823529
880,1567.1428571428573,12.867647058823529
890,1613.5714285714284,12.152777777777779
900,1613.5714285714284,12.15277777777778
910,1518.5714285714284,11.51
920,1397.4285714285716,10.227777777777778
930,1397.4285714285716,10.227777777777778
940,1328.7142857142858,9.268055555555556
950,1270.4285714285716,8.305555555555555
960,1270.4285714285716,8.305555555555555
970,1249.7142857142858,7.345833333333333
980,1127.5714285714287,6.386111111111111
990,1127.5714285714284,6.386111111111111
1000,1059.5714285714284,5.581428571428571
1010,1062.7142857142858,5.587142857142857
1020,1062.7142857142858,5.587142857142857
1030,1070.5714285714287,5.5928571428571425
1040,1075.2941176470588,5.937878787878788
1050,1075.2941176470588,5.937878787878788
1060,1842.4242424242425,9.9875
1070,2895.9677419354844,14.29516129032258
1080,2895.9677419354844,14.29516129032258
1090,4034.999999999999,20.57333333333333
1100,6653.5,28.058333333333337
1110,6653.5,28.058333333333337
1120,9909.0,38.50689655172415
1130,11235.689655172413,42.4875
1140,11235.689655172413,42.4875
1150,15464.285714285717,45.61290322580646
1160,16911.290322580648,48.92187499999999
1170,16911.290322580648,48.921875
1180,17606.060606060608,52.078125
1190,18426.470588235297,53.560606060606055
