time,latency,size
0,11534.615384615385,46.07894736842106
10,10314.102564102564,41.30769230769231
20,8706.410256410258,38.71052631578949
30,8706.410256410258,38.71052631578949
40,7511.250000000002,36.35526315789474
50,5973.076923076924,31.342105263157897
60,5973.076923076924,31.342105263157897
70,4907.500000000001,29.77027027027027
80,3402.631578947369,24.621621621621625
90,3402.631578947369,24.621621621621625
100,2344.285714285714,22.5
110,2335.714285714286,22.500000000000004
120,2335.714285714286,22.500000000000004
130,2330.0,22.214285714285715
140,2221.4285714285716,20.78571428571429
150,2221.4285714285716,20.78571428571429
160,2072.857142857143,19.357142857142858
170,1958.5714285714287,17.92857142857143
180,1958.5714285714287,17.92857142857143
190,1821.4285714285713,16.5
200,1710.0,15.071428571428571
210,1710.0,15.071428571428571
220,1624.285714285714,13.64285714285714
230,1512.857142857143,12.5
240,1512.857142857143,12.5
250,1492.857142857143,12.5
260,1510.0,12.5
270,1510.0,12.5
280,1503.142857142857,12.222857142857144
290,1383.5714285714284,10.632857142857144
300,1383.5714285714284,10.632857142857144
310,1259.7142857142858,9.04857142857143
320,1113.857142857143,7.461428571428572
330,1113.857142857143,7.461428571428572
340,1000.5714285714284,5.871428571428572
350,890.142857142857,4.278571428571429
360,890.142857142857,4.278571428571429
370,748.5714285714286,2.6914285714285713
380,650.1428571428571,1.39
390,650.1428571428571,1.39
400,661.2857142857143,1.3957142857142857
410,661.5714285714286,1.3985714285714286
420,661.5714285714286,1.3985714285714286
430,680.4545454545454,1.3984848484848487
440,1290.6666666666667,6.543333333333334
450,1290.6666666666667,6.543333333333334
460,2143.653846153846,10.309615384615384
470,3436.5217391304345,17.420833333333334
480,3436.5217391304345,17.420833333333334
490,10543.750000000002,27.0404761904762
500,19056.666666666668,44.23888888888889
510,19056.666666666668,44.23888888888889
520,24278.214285714283,61.975
530,40145.83333333333,78.5
540,40145.83333333333,78.5
550,50750.0,78.5
560,53500.0,78.5
570,53500.0,78.5
580,70409.0909090909,84.53846153846153
590,49747.0,60.03588235294117
600,49747.0,60.03588235294117
610,36032.94117647059,39.300375
620,29311.19047619047,29.586354166666666
630,29311.19047619047,29.586354166666666
640,19026.8,18.450096153846157
650,11886.964285714284,11.4225
660,11886.964285714284,11.4225
670,10227.575757575758,10.117720588235292
680,3616.5277777777783,3.512569444444444
690,3616.5277777777783,3.512569444444444
700,809.142857142857,2.0512142857142854
710,880.0,2.9041428571428574
720,880.0,2.9041428571428574
730,967.8571428571428,4.053714285714286
740,1071.142857142857,5.692857142857143
750,1071.142857142857,5.692857142857143
760,1182.142857142857,7.234285714285715
770,1272.857142857143,8.655714285714286
780,1272.857142857143,8.655714285714286
790,1346.142857142857,9.928571428571429
800,1415.2857142857142,11.03
810,1415.2857142857142,11.03
820,1510.0,11.937142857142858
830,1561.4285714285716,12.5
840,1561.4285714285716,12.5
850,1578.5714285714284,12.5
860,1570.0000000000002,12.5
870,1570.0000000000002,12.5
880,1597.1428571428573,12.301428571428572
890,1519.857142857143,11.314285714285715
900,1519.857142857143,11.314285714285715
910,1418.857142857143,10.327142857142858
920,1383.2857142857142,9.345714285714285
930,1383.2857142857142,9.345714285714285
940,1307.0000000000002,8.358571428571429
950,1177.0,7.368571428571429
960,1177.0,7.368571428571429
970,1141.5714285714284,6.378571428571429
980,1044.0,5.595714285714285
990,1044.0,5.595714285714285
1000,1019.2857142857143,5.598571428571429
1010,1088.4285714285716,5.598571428571429
1020,1088.4285714285716,5.598571428571429
1030,1049.7058823529414,5.591176470588235
1040,1439.3750000000002,9.801562500000001
1050,1439.3750000000002,9.801562500000001
1060,2969.0625,16.821875000000002
1070,4935.483870967742,22.2640625
1080,4935.483870967742,22.2640625
1090,6815.0,30.219354838709677
1100,9002.833333333332,37.025000000000006
1110,9002.833333333332,37.025000000000006
1120,11132.25806451613,44.70322580645161
1130,13353.333333333334,50.49999999999999
1140,13353.333333333334,50.49999999999999
1150,14646.774193548388,50.5
1160,16115.151515151514,50.5
1170,16115.151515151514,50.5
1180,16141.176470588238,52.03030303030303
1190,15286.842105263158,46.192307692307686
