time,latency,size
0,19175.0,50.5
10,19175.0,39.85000000000001
20,12921.42857142857,37.77272727272727
30,8925.0,31.833333333333332
40,8925.0,29.5
50,3938.8888888888882,27.36666666666666
60,2323.3333333333335,22.5
70,2323.3333333333335,22.5
80,2263.3333333333335,22.5
90,2060.0,22.5
100,2060.0,22.5
110,2216.6666666666665,22.5
120,2340.0,22.5
130,2340.0,22.5
140,2230.0000000000005,22.5
150,2166.6666666666665,19.166666666666668
160,2166.6666666666665,19.166666666666668
170,1810.0000000000002,15.833333333333332
180,1706.6666666666665,12.5
190,1706.6666666666665,12.5
200,1556.6666666666667,12.5
210,1590.0,12.5
220,1590.0,12.5
230,1536.6666666666665,12.5
240,1503.3333333333335,12.5
250,1503.3333333333333,12.5
260,1463.3333333333333,12.5
270,1476.6666666666667,12.5
280,1476.6666666666667,12.5
290,1470.0,12.5
300,1153.75,8.803333333333335
310,1153.75,8.803333333333335
320,870.3125,5.106666666666667
330,566.2500000000001,1.41
340,566.2500000000001,1.41
350,565.0000000000001,1.4033333333333333
360,541.6666666666666,1.4000000000000001
370,541.6666666666666,1.3966666666666667
380,585.0,1.39
390,610.3333333333334,1.41
400,610.3333333333334,1.41
410,677.6666666666666,1.41
420,682.3333333333334,1.41
430,682.3333333333334,1.41
440,675.6666666666666,1.3966666666666667
450,1540.4545454545455,8.409090909090908
460,1540.4545454545453,8.409090909090908
470,4577.142857142858,23.435714285714287
480,14392.5,78.5
490,14392.5,78.5
500,33100.0,65.41666666666666
510,38300.0,78.5
520,38300.0,78.5
530,42357.14285714286,78.5
540,53750.0,98.12500000000001
550,53750.0,98.12500000000001
560,66500.00000000001,78.5
570,73700.0,78.5
580,73700.0,78.5
590,75750.0,78.5
600,74500.0,78.5
610,74500.0,78.5
620,63747.76666666667,78.49999999999999
630,3579.9999999999995,30.875000000000004
640,3579.9999999999995,30.875000000000004
650,2935.0,18.40909090909091
660,2686.6666666666665,19.687500000000004
670,2686.6666666666665,19.687500000000004
680,2190.0,22.5
690,2170.0000000000005,22.5
700,2170.0000000000005,22.5
710,2156.6666666666665,22.5
720,2263.3333333333335,22.5
730,2263.3333333333335,22.5
740,2256.6666666666665,22.5
750,2220.0,21.333333333333332
760,2220.0,21.333333333333332
770,1900.0000000000002,18.0
780,1563.3333333333335,13.83333333333333
790,1563.3333333333335,13.83333333333333
800,1510.0,12.5
810,1483.3333333333333,12.5
820,1483.3333333333333,12.5
830,1546.6666666666667,13.333333333333332
840,1436.6666666666667,11.666666666666666
850,1436.6666666666667,11.666666666666666
860,1503.3333333333333,12.5
870,1550.0,11.666666666666666
880,1550.0,11.666666666666666
890,1530.0,12.5
900,1331.6666666666667,10.666666666666666
910,1331.6666666666667,10.666666666666666
920,1171.3333333333333,9.21
930,1003.6666666666666,6.913333333333334
940,1003.6666666666666,6.913333333333334
950,1026.3333333333333,5.630000000000001
960,1010.3333333333331,5.616666666666667
970,1010.3333333333331,5.616666666666667
980,1036.6666666666667,5.616666666666667
990,1004.3333333333331,5.59
1000,1004.3333333333331,5.59
1010,1028.6666666666667,5.61
1020,1024.0,5.61
1030,1024.0,5.61
1040,1033.6666666666667,5.616666666666667
1050,1195.0000000000002,8.626923076923077
1060,1195.0000000000002,8.626923076923077
1070,3848.076923076924,25.892307692307696
1080,7675.0,46.7625
1090,7675.0,46.7625
1100,9303.333333333334,54.10714285714287
1110,12153.846153846154,50.50000000000001
1120,12153.846153846154,50.50000000000001
1130,10970.0,47.13333333333333
1140,12515.384615384615,46.892857142857146
1150,12515.384615384615,46.892857142857146
1160,11346.875000000002,54.10714285714287
1170,12203.333333333334,50.5
1180,12203.333333333334,50.5
1190,12773.333333333332,54.10714285714287
