time,latency,size
0,4533.333333333333,29.08823529411765
10,2310.0,24.10714285714286
20,2396.6666666666665,24.10714285714286
30,2396.6666666666665,22.5
40,2296.6666666666665,22.5
50,2256.6666666666665,22.5
60,2256.6666666666665,22.5
70,2183.3333333333335,22.5
80,2230.0000000000005,22.5
90,2230.0000000000005,22.5
100,2216.6666666666665,22.5
110,2110.0000000000005,22.5
120,2110.0000000000005,19.21875
130,1836.6666666666665,16.09375
140,1623.3333333333333,16.09375
150,1623.3333333333333,12.968749999999998
160,1516.6666666666667,12.5
170,1530.0,12.5
180,1530.0,12.5
190,1523.3333333333333,12.5
200,1543.3333333333335,12.5
210,1543.3333333333335,12.5
220,1536.6666666666665,12.5
230,1543.3333333333335,12.5
240,1543.3333333333335,12.5
250,1516.6666666666667,12.5
260,1339.6666666666667,12.5
270,1339.6666666666667,10.373333333333333
280,1006.0,6.683333333333333
290,689.6666666666666,6.683333333333333
300,689.6666666666666,2.9733333333333336
310,543.0,1.3966666666666667
320,543.0,1.38
330,543.0,1.3766666666666667
340,531.0,1.39
350,520.3333333333334,1.39
360,520.3333333333334,1.41
370,530.3333333333334,1.4166666666666667
380,586.0000000000001,1.42
390,586.0000000000001,1.41
400,594.6666666666666,1.39
410,1168.846153846154,1.39
420,1168.846153846154,7.820833333333333
430,3248.333333333333,20.675
440,13428.333333333332,52.81666666666666
450,13428.333333333332,65.65833333333333
460,24750.000000000004,78.5
470,34000.0,78.5
480,34000.0,78.5
490,37500.00000000001,78.5
500,48750.0,78.5
510,48750.0,78.5
520,75500.0,78.5
530,75500.0,78.5
540,75500.0,65.41666666666666
550,87166.66666666666,78.5
560,91500.0,78.5
570,91500.00000000001,78.5
580,28078.57142857143,56.1111111111111
590,2570.0,47.38888888888888
600,2570.0,38.5
610,2463.3333333333335,22.5
620,2290.0000000000005,22.5
630,2290.0000000000005,22.5
640,2250.0,22.5
650,2243.3333333333335,22.5
660,2243.3333333333335,22.5
670,2283.3333333333335,22.5
680,2263.3333333333335,22.5
690,2263.3333333333335,22.5
700,2216.6666666666665,22.5
710,2063.3333333333335,19.21875
720,2063.3333333333335,19.21875
730,1816.6666666666663,16.093750000000004
740,1616.6666666666667,13.83333333333333
750,1616.6666666666667,13.83333333333333
760,1603.3333333333335,12.5
770,1583.3333333333333,12.5
780,1583.3333333333333,12.5
790,1530.0,11.718750000000002
800,1423.3333333333333,12.5
810,1423.3333333333333,12.5
820,1436.6666666666667,13.392857142857144
830,1496.6666666666667,13.392857142857144
840,1496.6666666666667,13.392857142857144
850,1503.3333333333333,12.5
860,1392.3333333333333,10.434375000000001
870,1392.3333333333333,10.434375000000001
880,1261.0,8.275
890,1147.6666666666667,6.516666666666666
900,1147.6666666666667,6.516666666666666
910,1084.3333333333333,5.576666666666667
920,1046.3333333333333,5.570000000000001
930,1046.3333333333333,5.570000000000001
940,983.3333333333331,5.570000000000001
950,993.3333333333333,5.576666666666667
960,993.3333333333333,5.576666666666667
970,987.6666666666667,5.576666666666667
980,1009.6666666666666,5.583333333333333
990,1009.6666666666666,5.583333333333333
1000,1023.6666666666667,5.583333333333333
1010,1313.846153846154,9.800000000000002
1020,1313.846153846154,9.8
1030,3953.7499999999995,26.31923076923077
1040,7392.307692307693,47.225
1050,7392.307692307693,47.225
1060,8803.57142857143,44.1875
1070,8928.125,54.10714285714287
1080,8928.125,54.10714285714287
1090,8903.57142857143,50.5
1100,9313.333333333334,58.26923076923077
1110,9313.333333333334,58.26923076923077
1120,10142.857142857143,50.5
1130,10526.666666666666,44.1875
1140,10526.666666666666,44.1875
1150,10071.428571428572,50.5
1160,9573.529411764706,45.558823529411775
1170,9573.529411764706,45.558823529411775
1180,6933.333333333333,42.8125
1190,5457.894736842105,29.088235294117652
