time,latency,size
0,11860.810810810812,47.472972972972975
10,11262.162162162163,45.054054054054056
20,11262.162162162163,45.054054054054056
30,9329.48717948718,40.184210526315795
40,8881.578947368422,35.17105263157895
50,8881.578947368422,35.17105263157895
60,6993.589743589743,31.974358974358974
70,5407.692307692308,30.460526315789476
80,5407.692307692308,30.460526315789476
90,3980.769230769231,24.7948717948718
100,2864.285714285714,22.500000000000004
110,2864.285714285714,22.500000000000004
120,2375.714285714286,22.5
130,2378.5714285714284,21.875
140,2378.5714285714284,21.875
150,2272.857142857143,20.763888888888886
160,2147.1428571428573,19.375000000000004
170,2147.1428571428573,19.375000000000004
180,2021.4285714285713,17.986111111111114
190,1901.4285714285713,17.07142857142857
200,1901.4285714285713,17.07142857142857
210,1790.0000000000002,15.208333333333334
220,1692.8571428571427,13.819444444444448
230,1692.8571428571427,13.819444444444448
240,1612.857142857143,12.785714285714285
250,1587.142857142857,12.857142857142858
260,1587.142857142857,12.857142857142858
270,1587.142857142857,12.5
280,1526.3888888888891,12.857142857142856
290,1526.3888888888891,12.857142857142856
300,1427.0833333333335,11.27
310,1312.5000000000002,9.682857142857141
320,1312.5000000000002,9.682857142857141
330,1170.4166666666667,8.10142857142857
340,1033.3333333333335,6.517142857142857
350,1033.3333333333335,6.517142857142857
360,909.0277777777779,4.5757142857142865
370,780.8333333333333,3.3485714285714288
380,780.8333333333333,3.3485714285714288
390,681.5714285714286,1.4071428571428573
400,661.8571428571429,1.4071428571428573
410,661.8571428571429,1.4071428571428573
420,654.4285714285714,1.4128571428571428
430,667.2058823529411,1.4455882352941176
440,667.2058823529411,1.4455882352941176
450,954.0,4.0200000000000005
460,2390.5555555555557,10.02037037037037
470,2390.5555555555557,10.02037037037037
480,4924.4,19.192307692307693
490,8557.857142857141,27.16428571428571
500,8557.857142857141,27.16428571428571
510,11020.625,33.14705882352942
520,21789.61538461539,50.95357142857142
530,21789.61538461539,50.95357142857142
540,31127.77777777778,78.5
550,42900.00000000001,78.5
560,42900.00000000001,78.5
570,56500.00000000001,78.5
580,71857.14285714286,78.5
590,71857.14285714286,78.5
600,68500.0,72.46153846153847
610,40607.142857142855,59.833333333333336
620,40607.142857142855,59.833333333333336
630,27650.000000000004,49.166666666666664
640,21872.727272727272,37.89583333333333
650,21872.727272727272,37.89583333333333
660,13406.0,32.03703703703704
670,6117.857142857142,25.586206896551722
680,6117.857142857142,25.586206896551722
690,5556.060606060607,24.25
700,2511.1111111111113,22.500000000000004
710,2511.1111111111113,22.500000000000004
720,2318.571428571429,22.5
730,2318.5714285714284,21.875000000000004
740,2318.5714285714284,21.875000000000004
750,2241.428571428571,20.763888888888893
760,2130.0,19.375
770,2130.0,19.375
780,2038.5714285714287,17.98611111111111
790,1912.857142857143,16.597222222222225
800,1912.857142857143,16.597222222222225
810,1787.142857142857,15.642857142857144
820,1701.4285714285718,14.214285714285715
830,1701.4285714285718,14.214285714285715
840,1592.8571428571427,13.161764705882355
850,1578.5714285714284,12.867647058823529
860,1578.5714285714284,12.86764705882353
870,1578.5714285714284,12.867647058823529
880,1515.277777777778,12.500000000000002
890,1515.277777777778,12.500000000000002
900,1488.4285714285713,11.864285714285714
910,1444.5714285714287,10.575
920,1444.5714285714284,10.575
930,1368.0,9.615277777777777
940,1266.7142857142858,8.498611111111112
950,1266.7142857142858,8.498611111111112
960,1222.0,7.693055555555555
970,1121.142857142857,6.579166666666667
980,1121.142857142857,6.579166666666667
990,1124.2647058823532,5.9471428571428575
1000,1040.138888888889,5.44
1010,1040.138888888889,5.44
1020,1059.7142857142858,5.598571428571429
1030,1052.857142857143,5.763235294117648
1040,1052.857142857143,5.763235294117648
1050,1337.7272727272725,8.32272727272727
1060,2310.9090909090905,13.8484375
1070,2310.9090909090905,13.8484375
1080,3960.967741935485,21.0390625
1090,5639.545454545454,29.4515625
1100,7838.000000000001,29.4515625
1110,7838.000000000001,37.39833333333333
1120,9075.9375,44.88548387096774
1130,10622.58064516129,44.88548387096774
1140,10622.58064516129,48.921875
1150,12321.875,50.49999999999999
1160,13190.90909090909,50.5
1170,13190.90909090909,50.5
1180,13102.857142857143,53.560606060606055
1190,13155.405405405405,52.30357142857143
