time,latency,size
0,5550.0,29.5
10,2150.0,24.250000000000004
20,2150.0,24.250000000000004
30,2170.0000000000005,22.5
40,2163.3333333333335,22.5
50,2163.3333333333335,22.5
60,2183.3333333333335,22.5
70,2156.6666666666665,22.5
80,2156.6666666666665,22.5
90,2136.6666666666665,22.5
100,2096.6666666666665,22.5
110,2096.6666666666665,22.5
120,1740.625,19.166666666666668
130,1610.0,15.833333333333332
140,1610.0,15.833333333333332
150,1353.125,12.5
160,1410.0,12.5
170,1410.0,12.5
180,1443.3333333333333,12.5
190,1525.0,12.5
200,1525.0,12.5
210,1450.0,12.5
220,1403.3333333333333,12.5
230,1403.3333333333333,12.5
240,1376.6666666666667,12.5
250,1409.6666666666667,12.5
260,1409.6666666666667,12.5
270,1070.0,8.81
280,807.8125000000001,5.113333333333333
290,807.8125000000001,5.113333333333333
300,547.6666666666666,1.4166666666666667
310,550.3333333333334,1.4033333333333333
320,550.3333333333334,1.4033333333333333
330,540.3333333333334,1.3966666666666667
340,547.0000000000001,1.3966666666666667
350,547.0000000000001,1.3966666666666667
360,554.3333333333334,1.3966666666666667
370,547.0000000000001,1.39
380,547.0000000000001,1.39
390,545.6666666666666,1.3833333333333333
400,564.2857142857143,1.4892857142857145
410,564.2857142857143,1.4892857142857145
420,1375.5000000000002,8.409090909090908
430,3920.0000000000005,34.650000000000006
440,3920.0000000000005,34.650000000000006
450,14390.0,78.5
460,28500.0,94.2
470,28500.0,94.2
480,42000.0,65.41666666666666
490,68750.0,67.28571428571429
500,68750.0,67.28571428571429
510,60000.00000000001,78.5
520,60000.00000000001,78.5
530,60000.00000000001,78.5
540,74833.33333333333,94.2
550,82833.33333333333,78.5
560,82833.33333333333,78.5
570,82833.33333333334,98.12500000000001
580,16475.0,33.68750000000001
590,16475.0,33.68750000000001
600,2450.0,29.384615384615383
610,2330.0,21.093750000000004
620,2330.0,21.093750000000004
630,2110.0000000000005,22.5
640,2116.6666666666665,22.5
650,2116.6666666666665,22.5
660,2110.0000000000005,22.5
670,2170.0000000000005,22.5
680,2170.0000000000005,22.5
690,2110.0000000000005,22.5
700,2136.6666666666665,22.5
710,2136.6666666666665,22.5
720,1883.3333333333333,19.166666666666668
730,1656.6666666666665,15.833333333333332
740,1656.6666666666665,15.833333333333332
750,1416.6666666666667,12.5
760,1430.0000000000002,12.5
770,1430.0000000000002,12.5
780,1423.3333333333333,12.5
790,1410.0,12.5
800,1410.0,12.5
810,1396.6666666666667,12.5
820,1416.6666666666667,12.5
830,1416.6666666666667,12.5
840,1416.6666666666667,12.5
850,1416.6666666666665,12.5
860,1416.6666666666665,12.5
870,1273.3333333333335,10.203333333333333
880,1056.5625000000002,7.906666666666665
890,1056.5625000000002,7.906666666666665
900,908.4374999999999,5.603333333333333
910,942.0,5.603333333333333
920,942.0,5.603333333333333
930,928.3333333333333,5.596666666666667
940,1008.5714285714286,5.59
950,1008.5714285714286,5.59
960,951.3333333333333,5.583333333333333
970,1073.9285714285716,5.576666666666667
980,1073.9285714285716,5.576666666666667
990,928.4375,5.583333333333333
1000,968.6666666666666,5.9821428571428585
1010,968.6666666666666,5.9821428571428585
1020,1851.1538461538462,15.953846153846156
1030,5439.166666666666,33.22692307692308
1040,5439.166666666666,33.22692307692308
1050,7629.166666666667,43.28571428571429
1060,9735.714285714286,50.50000000000001
1070,9735.714285714286,50.50000000000001
1080,10380.76923076923,46.892857142857146
1090,11453.57142857143,54.38461538461539
1100,11453.57142857143,54.38461538461539
1110,12080.0,54.10714285714287
1120,13486.666666666668,54.10714285714287
1130,13486.666666666668,54.10714285714287
1140,14456.666666666666,50.5
1150,13863.333333333332,47.34375
1160,13863.333333333332,47.34375
1170,11513.15789473684,43.13157894736841
1180,8365.78947368421,35.76315789473684
1190,8365.78947368421,35.76315789473684
