time,latency,size
-1,0,0
0,3791.666666666666,22.216483250000003
3,568.6203472626632,22.5
6,449.8181818181818,12.5
9,2892.4528301886794,12.053571428571429
12,281.9444444444444,1.39
15,1292.857142857143,1.4287037037037036
18,46563.33333333333,73.59375
21,245.21739130434784,2.7173557692307693
24,5853.488372093024,22.083333333333332
27,18987.460317460318,22.830882352941178
30,372.09090909090907,12.5
33,3407.6086956521744,12.272727272727272
36,14431.842105263157,5.609016393442622
39,261.54545454545456,5.608181818181818
42,25614.285714285714,50.50000000000001
45,35808.82716049383,49.91279069767441
