time,latency,size
0,1098.7142857142858,44.1
10,1013.4285714285714,44.1
20,1013.4285714285714,40.1
30,931.5714285714284,36.10000000000001
40,861.2857142857144,36.10000000000001
50,861.2857142857144,32.1
60,774.2857142857142,28.1
70,683.5714285714286,28.1
80,608.5714285714286,24.1
90,608.5714285714286,22.5
100,602.7142857142858,22.5
110,603.8571428571429,22.5
120,603.8571428571429,22.5
130,601.8571428571429,22.5
140,579.5714285714286,21.642857142857142
150,579.5714285714286,20.214285714285715
160,551.5714285714286,20.214285714285715
170,524.1428571428572,18.785714285714285
180,524.1428571428572,17.357142857142858
190,497.2857142857142,17.357142857142858
200,462.7142857142857,15.928571428571427
210,462.7142857142857,14.5
220,437.5714285714285,14.5
230,415.57142857142856,13.07142857142857
240,415.57142857142856,12.5
250,410.4285714285714,12.5
260,409.5714285714286,12.5
270,409.57142857142856,12.5
280,417.57142857142856,12.5
290,389.85714285714283,11.55
300,389.85714285714283,9.96
310,359.8571428571429,9.96
320,330.42857142857144,8.367142857142857
330,330.42857142857144,6.78
340,304.1428571428571,6.78
350,275.5714285714286,5.187142857142857
360,275.5714285714286,3.6028571428571428
370,253.0,3.6028571428571428
380,215.57142857142858,2.0157142857142856
390,215.57142857142858,1.3814285714285715
400,217.28571428571425,1.3814285714285715
410,220.14285714285717,1.3871428571428572
420,220.14285714285717,1.392857142857143
430,216.7142857142857,1.392857142857143
440,403.2857142857143,5.76
450,403.2857142857143,16.78142857142857
460,618.0,16.78142857142857
470,830.7142857142857,27.794285714285717
480,830.7142857142857,38.81
490,1064.0000000000002,38.81
500,1277.5714285714287,49.82285714285715
510,1277.5714285714287,60.835714285714275
520,1508.0000000000002,60.835714285714275
530,1724.4285714285713,71.85142857142858
540,1724.4285714285713,78.50000000000001
550,1758.571428571429,78.50000000000001
560,1755.7142857142856,78.50000000000001
570,1755.7142857142856,78.50000000000001
580,1752.8571428571427,78.50000000000001
590,1610.857142857143,75.94285714285715
600,1610.857142857143,67.94285714285714
610,1456.4285714285716,67.94285714285714
620,1285.4285714285716,59.942857142857136
630,1285.4285714285716,51.94285714285714
640,1120.4285714285716,51.94285714285714
650,955.4285714285714,43.94285714285714
660,955.4285714285714,35.94285714285714
670,800.142857142857,35.94285714285714
680,646.0000000000001,27.3
690,646.0000000000001,22.5
700,611.2857142857142,22.5
710,599.5714285714286,22.5
720,599.5714285714286,22.5
730,595.5714285714286,22.5
740,585.5714285714286,21.642857142857142
750,585.5714285714286,20.214285714285715
760,554.7142857142858,20.214285714285715
770,527.2857142857142,18.785714285714285
780,527.2857142857142,18.0
790,496.71428571428567,18.0
800,471.2857142857142,15.571428571428571
810,471.2857142857142,14.5
820,450.1428571428572,14.5
830,419.0,13.07142857142857
840,419.0,12.142857142857142
850,407.2857142857143,12.142857142857142
860,409.8571428571429,12.142857142857142
870,409.8571428571429,12.142857142857142
880,412.14285714285717,12.142857142857142
890,394.14285714285717,11.912857142857142
900,394.14285714285717,11.288571428571428
910,369.57142857142856,11.288571428571428
920,351.57142857142856,9.938571428571429
930,351.57142857142856,8.954285714285714
940,333.2857142857143,8.954285714285714
950,317.00000000000006,8.332857142857142
960,317.00000000000006,7.187142857142856
970,295.2857142857143,7.187142857142856
980,275.2857142857143,6.3585714285714285
990,275.2857142857143,5.595714285714285
1000,271.0,5.595714285714285
1010,275.5714285714286,5.5928571428571425
1020,275.5714285714286,5.44
1030,269.8571428571429,5.44
1040,382.1428571428571,8.002857142857142
1050,382.1428571428571,14.41
1060,505.14285714285717,14.41
1070,626.5714285714286,20.984285714285715
1080,626.5714285714286,27.241428571428568
1090,744.1428571428572,27.241428571428568
1100,872.4285714285714,33.66285714285714
1110,872.4285714285714,40.075714285714284
1120,1003.1428571428571,40.075714285714284
1130,1131.2857142857144,46.65
1140,1131.2857142857144,50.5
1150,1149.142857142857,50.5
1160,1149.142857142857,50.5
1170,1149.142857142857,50.5
1180,1154.142857142857,50.5
1190,1091.857142857143,48.9
