time,latency,size
0,1105.7142857142858,48.10000000000001
10,1024.2857142857144,44.1
20,1024.2857142857144,40.1
30,939.5714285714284,40.1
40,856.2857142857143,36.10000000000001
50,856.2857142857143,32.1
60,774.7142857142858,32.1
70,695.8571428571429,28.1
80,695.8571428571429,24.1
90,599.2857142857142,24.1
100,591.8571428571429,22.5
110,591.8571428571429,22.5
120,601.8571428571429,22.5
130,595.0000000000001,22.5
140,595.0000000000001,21.642857142857142
150,575.2857142857142,21.642857142857142
160,547.8571428571429,20.214285714285715
170,547.8571428571429,18.785714285714285
180,521.5714285714286,18.785714285714285
190,495.85714285714283,17.357142857142858
200,495.85714285714283,15.928571428571427
210,469.2857142857143,15.928571428571427
220,435.85714285714283,14.5
230,435.85714285714283,13.07142857142857
240,409.8571428571429,13.07142857142857
250,402.42857142857144,12.5
260,402.42857142857144,12.5
270,401.0,12.5
280,393.0,12.5
290,393.0,11.55
300,365.2857142857143,11.55
310,335.2857142857143,9.965714285714286
320,335.2857142857143,8.375714285714286
330,306.7142857142857,8.375714285714286
340,283.0,6.788571428571428
350,283.0,5.201428571428571
360,252.42857142857142,5.201428571428571
370,224.42857142857144,3.6171428571428574
380,224.42857142857144,2.0357142857142856
390,204.71428571428572,2.0357142857142856
400,206.42857142857144,1.4042857142857144
410,206.42857142857144,1.4014285714285715
420,209.28571428571428,1.4014285714285715
430,208.52941176470588,1.4071428571428573
440,208.52941176470588,8.017142857142858
450,451.02941176470597,8.017142857142858
460,672.6470588235295,19.032857142857146
470,672.6470588235295,30.045714285714286
480,894.5588235294119,30.045714285714286
490,1112.3529411764705,41.05571428571428
500,1112.3529411764705,52.065714285714286
510,1342.2058823529412,52.065714285714286
520,1557.9411764705885,63.081428571428575
530,1557.9411764705885,74.09428571428572
540,1741.4285714285716,74.09428571428572
550,1721.4285714285713,78.50000000000001
560,1721.4285714285713,78.50000000000001
570,1732.857142857143,78.50000000000001
580,1714.3055555555557,80.80882352941178
590,1714.3055555555557,73.70000000000002
600,1560.8333333333335,73.70000000000002
610,1400.9722222222224,65.7
620,1400.9722222222224,57.7
630,1250.0000000000002,57.7
640,1094.027777777778,49.7
650,1094.027777777778,41.7
660,906.1111111111113,41.7
670,741.8055555555557,33.70000000000001
680,741.8055555555557,24.98611111111111
690,575.2857142857142,24.98611111111111
700,581.2857142857142,22.5
710,581.2857142857142,22.5
720,572.7142857142858,22.5
730,570.1428571428572,22.5
740,570.1428571428572,21.642857142857142
750,547.2857142857143,21.642857142857142
760,555.2857142857142,20.214285714285715
770,555.2857142857142,18.785714285714285
780,532.4285714285714,18.785714285714285
790,507.57142857142856,17.357142857142858
800,507.57142857142856,15.928571428571427
810,471.85714285714283,15.928571428571427
820,450.7142857142857,14.5
830,450.7142857142857,13.07142857142857
840,426.1428571428572,13.07142857142857
850,417.57142857142856,12.5
860,417.57142857142856,12.5
870,415.8571428571429,12.5
880,413.2857142857142,12.5
890,413.2857142857142,11.907142857142858
900,393.85714285714283,11.907142857142858
910,372.1428571428571,10.928571428571429
920,372.1428571428571,9.947142857142856
930,354.42857142857144,9.947142857142856
940,338.42857142857144,8.957142857142856
950,338.42857142857144,7.967142857142856
960,323.00000000000006,7.967142857142856
970,298.1428571428571,6.977142857142856
980,298.1428571428571,5.990000000000001
990,277.57142857142856,5.990000000000001
1000,273.2857142857143,5.595714285714285
1010,273.2857142857143,5.587142857142857
1020,275.00000000000006,5.587142857142857
1030,278.6764705882353,5.59
1040,278.6764705882353,9.44
1050,386.9117647058824,9.44
1060,517.9411764705883,15.858571428571427
1070,517.9411764705883,22.27714285714286
1080,647.7941176470588,22.27714285714286
1090,780.8823529411766,29.53676470588235
1100,780.8823529411764,36.141176470588235
1110,916.3235294117646,36.141176470588235
1120,1047.6470588235295,42.74558823529412
1130,1047.6470588235295,47.931428571428576
1140,1151.0000000000002,47.931428571428576
1150,1167.142857142857,50.5
1160,1167.142857142857,50.5
1170,1152.857142857143,50.5
1180,1161.2857142857144,51.98529411764706
1190,1161.2857142857144,46.76388888888889
