time,latency,size
0,1082.638888888889,46.5
10,998.3333333333335,46.5
20,998.3333333333335,42.5
30,919.0277777777777,38.50000000000001
40,848.888888888889,38.50000000000001
50,848.888888888889,34.5
60,778.4722222222223,30.5
70,700.8333333333334,30.5
80,700.8333333333334,26.500000000000004
90,621.5277777777778,22.5
100,607.5714285714286,22.5
110,607.5714285714286,22.5
120,605.2857142857142,22.5
130,605.8571428571429,22.5
140,605.8571428571429,22.5
150,583.5714285714286,21.07142857142857
160,559.2857142857143,21.07142857142857
170,559.2857142857143,19.642857142857142
180,527.2857142857142,18.21428571428571
190,498.42857142857144,18.21428571428571
200,498.42857142857144,16.785714285714285
210,468.42857142857144,15.357142857142856
220,447.57142857142856,15.357142857142856
230,447.57142857142856,13.928571428571429
240,427.57142857142856,12.5
250,417.2857142857142,12.5
260,417.2857142857142,12.5
270,419.2857142857142,12.5
280,422.4285714285714,12.5
290,422.4285714285714,12.5
300,406.8571428571429,10.918571428571429
310,377.1428571428571,10.918571428571429
320,377.1428571428571,9.331428571428573
330,343.42857142857144,7.738571428571428
340,306.85714285714283,7.738571428571428
350,306.85714285714283,6.1485714285714295
360,278.00000000000006,4.5614285714285705
370,246.85714285714283,4.5614285714285705
380,219.42857142857142,2.9828571428571427
390,219.42857142857142,1.3957142857142857
400,204.42857142857142,1.3957142857142857
410,201.85714285714286,1.392857142857143
420,201.85714285714286,1.3985714285714286
430,205.5714285714286,1.3985714285714286
440,351.61764705882354,1.4455882352941176
450,351.61764705882354,12.788235294117648
460,574.4117647058824,12.788235294117648
470,795.1470588235295,24.127941176470593
480,795.1470588235295,35.458823529411774
490,1014.7058823529412,35.458823529411774
500,1239.2647058823532,46.798529411764704
510,1239.2647058823532,58.13529411764706
520,1464.7058823529414,58.13529411764706
530,1682.2058823529412,69.46911764705882
540,1682.2058823529412,78.50000000000001
550,1710.0,78.50000000000001
560,1692.8571428571427,78.50000000000001
570,1692.8571428571427,78.50000000000001
580,1707.1428571428569,78.50000000000001
590,1602.142857142857,76.31944444444446
600,1602.142857142857,68.54166666666667
610,1442.857142857143,68.54166666666667
620,1280.4285714285716,60.76388888888889
630,1280.4285714285716,52.98611111111112
640,1105.5714285714284,52.98611111111112
650,956.0000000000001,45.20833333333334
660,956.0000000000001,38.50000000000001
670,819.2857142857144,38.50000000000001
680,646.8571428571429,30.5
690,646.8571428571429,23.161764705882355
700,596.2857142857142,23.161764705882355
710,599.1428571428571,23.161764705882355
720,599.1428571428571,23.161764705882355
730,601.4285714285714,23.161764705882355
740,605.2857142857142,23.161764705882355
750,605.2857142857142,21.07142857142857
760,570.7142857142858,21.07142857142857
770,540.1428571428572,19.642857142857142
780,540.1428571428572,18.21428571428571
790,509.0,18.21428571428571
800,475.8571428571429,16.319444444444443
810,475.8571428571429,15.357142857142856
820,444.1428571428572,15.357142857142856
830,415.5714285714286,13.541666666666668
840,415.57142857142856,12.5
850,401.5714285714285,12.5
860,400.4285714285715,12.5
870,400.4285714285715,12.15277777777778
880,401.5714285714285,12.15277777777778
890,401.85714285714283,12.15277777777778
900,401.85714285714283,11.860294117647058
910,388.71428571428567,11.860294117647058
920,367.8571428571429,10.537142857142857
930,367.8571428571429,9.836764705882354
940,347.2857142857143,9.836764705882354
950,331.57142857142856,8.562857142857144
960,331.57142857142856,7.581428571428572
970,314.7142857142857,7.581428571428572
980,297.8571428571429,6.788235294117647
990,297.8571428571429,5.769117647058824
1000,279.85714285714283,5.769117647058824
1010,276.1428571428571,5.595714285714285
1020,276.1428571428571,5.5928571428571425
1030,277.5714285714286,5.5928571428571425
1040,337.2857142857143,5.587142857142857
1050,337.2857142857143,12.008571428571429
1060,463.71428571428567,12.008571428571429
1070,591.5714285714286,18.96029411764706
1080,591.5714285714286,24.834285714285716
1090,708.8571428571429,24.834285714285716
1100,835.8571428571428,31.25285714285714
1110,835.8571428571428,37.66857142857143
1120,961.4285714285714,37.66857142857143
1130,1091.857142857143,44.08428571428572
1140,1091.857142857143,50.5
1150,1161.4285714285713,50.5
1160,1158.5714285714284,50.5
1170,1158.5714285714284,50.5
1180,1155.7142857142858,50.5
1190,1127.4285714285716,50.5
