time,latency,size
0,1124.857142857143,47.3
10,1037.2857142857144,44.74285714285714
20,1037.2857142857144,40.74285714285714
30,942.4285714285713,40.74285714285714
40,879.8571428571429,36.74285714285714
50,879.8571428571429,32.74285714285714
60,786.0,32.74285714285714
70,701.5714285714286,28.74285714285714
80,701.5714285714286,24.74285714285714
90,583.1428571428572,24.74285714285714
100,578.2857142857143,22.5
110,578.2857142857143,22.5
120,597.8571428571429,22.5
130,609.7142857142858,22.5
140,609.7142857142858,21.357142857142858
150,560.7142857142858,21.357142857142858
160,534.7142857142858,19.92857142857143
170,534.7142857142858,18.5
180,509.5714285714285,18.500000000000004
190,497.4285714285714,17.07142857142857
200,497.4285714285714,15.642857142857144
210,474.2857142857143,15.642857142857144
220,426.1428571428572,14.214285714285715
230,426.1428571428572,12.785714285714286
240,403.2857142857143,12.785714285714286
250,405.85714285714283,12.5
260,405.85714285714283,12.5
270,409.00000000000006,12.5
280,404.42857142857144,12.5
290,404.42857142857144,11.234285714285715
300,380.7142857142857,11.234285714285715
310,347.85714285714283,9.65
320,347.85714285714283,8.065714285714284
330,321.0,8.065714285714284
340,293.2857142857143,6.478571428571428
350,293.2857142857143,4.894285714285714
360,260.7142857142857,4.894285714285714
370,229.28571428571428,3.31
380,229.28571428571425,1.7200000000000002
390,202.71428571428572,1.7200000000000002
400,201.00000000000003,1.3985714285714286
410,201.00000000000003,1.3957142857142857
420,200.42857142857144,1.3957142857142857
430,194.85714285714286,1.392857142857143
440,194.85714285714286,7.961428571428572
450,437.0,7.961428571428572
460,658.5714285714286,18.974285714285717
470,658.5714285714286,29.987142857142857
480,875.2857142857143,29.987142857142857
490,1087.4285714285716,41.00571428571429
500,1087.4285714285716,52.02142857142857
510,1302.1428571428573,52.02142857142857
520,1515.7142857142858,63.03714285714286
530,1515.7142857142858,74.05285714285715
540,1747.1428571428569,74.05285714285715
550,1718.5714285714287,78.50000000000001
560,1718.5714285714287,78.50000000000001
570,1707.1428571428569,78.50000000000001
580,1724.142857142857,78.50000000000001
590,1724.142857142857,73.70000000000002
600,1569.4285714285713,73.70000000000002
610,1415.857142857143,65.7
620,1415.857142857143,57.7
630,1261.4285714285716,57.7
640,1088.142857142857,49.7
650,1088.142857142857,41.7
660,928.2857142857143,41.7
670,774.4285714285713,33.70000000000001
680,774.4285714285713,25.7
690,596.1428571428571,25.7
700,595.5714285714286,22.5
710,595.5714285714286,22.5
720,585.2857142857142,22.5
730,581.8571428571429,22.5
740,581.8571428571429,21.642857142857142
750,557.8571428571429,21.642857142857142
760,532.1428571428572,20.214285714285715
770,532.1428571428572,18.785714285714285
780,506.4285714285714,18.785714285714285
790,483.57142857142856,17.357142857142858
800,483.57142857142856,15.928571428571427
810,457.57142857142856,15.928571428571427
820,442.71428571428567,14.5
830,442.71428571428567,13.07142857142857
840,419.2857142857142,13.07142857142857
850,418.14285714285717,12.5
860,418.14285714285717,12.5
870,416.14285714285717,12.5
880,411.2857142857142,12.5
890,411.2857142857142,11.904285714285715
900,392.4285714285714,11.904285714285715
910,371.57142857142856,10.911428571428571
920,371.57142857142856,9.92142857142857
930,345.0,9.92142857142857
940,325.0,8.94
950,325.0,7.958571428571428
960,305.8571428571429,7.958571428571428
970,289.8571428571429,6.974285714285713
980,289.8571428571429,5.984285714285715
990,275.00000000000006,5.984285714285715
1000,273.2857142857143,5.59
1010,273.2857142857143,5.5928571428571425
1020,272.7142857142857,5.5928571428571425
1030,264.5714285714286,5.5928571428571425
1040,264.5714285714286,9.437142857142856
1050,400.14285714285717,9.437142857142856
1060,526.2857142857143,15.847142857142858
1070,526.2857142857143,22.26
1080,652.7142857142857,22.26
1090,777.7142857142858,28.67857142857143
1100,777.7142857142858,35.097142857142856
1110,894.8571428571428,35.097142857142856
1120,1029.0,41.51571428571428
1130,1029.0,47.934285714285714
1140,1159.5714285714284,47.934285714285714
1150,1145.2857142857144,50.5
1160,1145.2857142857144,50.5
1170,1153.857142857143,50.5
1180,1165.7142857142858,50.5
1190,1165.7142857142858,48.10000000000001
