time,latency,size
0,1106.857142857143,46.5
10,1022.7142857142857,46.5
20,938.5714285714286,42.5
30,938.5714285714286,38.50000000000001
40,854.142857142857,38.50000000000001
50,776.0000000000001,34.5
60,776.0000000000001,30.5
70,706.0,30.5
80,624.7142857142858,26.500000000000004
90,624.7142857142858,22.5
100,597.8571428571429,22.5
110,591.5714285714286,22.5
120,591.5714285714286,22.5
130,597.2857142857142,22.5
140,576.7142857142858,22.5
150,576.7142857142858,21.07142857142857
160,549.0,21.07142857142857
170,527.2857142857142,19.642857142857142
180,527.2857142857142,18.21428571428571
190,504.42857142857144,18.21428571428571
200,464.4285714285714,16.785714285714285
210,464.4285714285714,15.357142857142856
220,442.14285714285717,15.357142857142856
230,416.7142857142857,13.928571428571429
240,416.7142857142857,12.5
250,407.0,12.5
260,403.00000000000006,12.5
270,403.00000000000006,12.5
280,397.2857142857143,12.5
290,386.1428571428571,12.5
300,386.1428571428571,10.915714285714285
310,361.8571428571429,10.915714285714285
320,335.57142857142856,9.331428571428573
330,335.57142857142856,7.744285714285715
340,307.2857142857143,7.744285714285715
350,279.85714285714283,6.16
360,279.85714285714283,4.5757142857142865
370,249.57142857142858,4.5757142857142865
380,227.28571428571428,2.9942857142857147
390,227.28571428571428,1.4128571428571428
400,209.28571428571428,1.4128571428571428
410,208.42857142857142,1.4071428571428573
420,208.42857142857142,1.41
430,204.14285714285717,1.41
440,249.28571428571428,1.4071428571428573
450,249.28571428571428,12.42
460,468.57142857142856,12.42
470,685.8571428571429,23.43285714285714
480,685.8571428571429,34.44285714285714
490,919.1176470588235,34.44285714285714
500,1106.142857142857,45.45285714285714
510,1106.142857142857,56.47142857142858
520,1361.142857142857,56.47142857142858
530,1531.5714285714284,67.48142857142858
540,1531.5714285714284,78.50000000000001
550,1695.7142857142856,78.50000000000001
560,1734.2857142857142,78.50000000000001
570,1734.2857142857142,78.50000000000001
580,1785.294117647059,78.50000000000001
590,1630.0000000000005,78.50000000000001
600,1630.0000000000005,70.5
610,1521.2857142857142,70.5
620,1323.4285714285713,62.5
630,1323.4285714285713,54.50000000000001
640,1213.5714285714284,54.50000000000001
650,1055.7142857142858,46.5
660,1055.7142857142858,38.50000000000001
670,849.8571428571429,38.50000000000001
680,674.1666666666667,30.5
690,674.1666666666667,22.5
700,594.4285714285714,22.5
710,589.8571428571429,22.5
720,589.8571428571429,22.5
730,589.0000000000001,22.5
740,574.7142857142857,22.5
750,574.7142857142857,21.07142857142857
760,557.5714285714286,21.07142857142857
770,534.4285714285714,19.642857142857142
780,534.4285714285714,18.21428571428571
790,504.42857142857144,18.21428571428571
800,475.8571428571429,16.785714285714285
810,475.8571428571429,15.357142857142856
820,452.14285714285717,15.357142857142856
830,428.4285714285714,13.928571428571429
840,428.4285714285714,12.5
850,413.0,12.5
860,404.1428571428571,12.5
870,404.1428571428571,12.5
880,405.85714285714283,12.5
890,400.71428571428567,12.5
900,400.71428571428567,11.512857142857142
910,385.2857142857143,11.512857142857142
920,365.00000000000006,10.525714285714285
930,365.00000000000006,9.544285714285715
940,345.85714285714283,9.544285714285715
950,323.57142857142856,8.554285714285715
960,323.57142857142856,7.572857142857143
970,310.7142857142857,7.572857142857143
980,287.00000000000006,6.582857142857143
990,287.00000000000006,5.598571428571429
1000,273.0,5.598571428571429
1010,271.2857142857143,5.601428571428571
1020,271.2857142857143,5.601428571428571
1030,271.8571428571429,5.601428571428571
1040,326.42857142857144,5.598571428571429
1050,326.42857142857144,12.017142857142856
1060,461.14285714285717,12.017142857142856
1070,577.8571428571429,18.427142857142858
1080,577.8571428571429,24.845714285714283
1090,704.5714285714286,24.845714285714283
1100,833.0000000000001,31.25857142857143
1110,833.0000000000001,37.67142857142858
1120,966.8571428571429,37.67142857142858
1130,1101.5714285714284,44.08714285714286
1140,1101.5714285714284,50.5
1150,1175.7142857142858,50.5
1160,1181.4285714285716,50.5
1170,1181.4285714285716,50.5
1180,1190.0000000000002,50.5
1190,1153.4285714285716,50.5
