time,latency,size
0,1091.857142857143,44.9
10,1014.4285714285713,44.9
20,931.7142857142857,40.900000000000006
30,931.7142857142857,36.9
40,851.2857142857143,36.9
50,768.8571428571429,32.9
60,768.8571428571429,28.900000000000002
70,692.7142857142858,28.900000000000002
80,615.4285714285714,24.9
90,615.4285714285714,22.5
100,604.7142857142857,22.5
110,601.5714285714286,22.5
120,601.5714285714286,22.5
130,600.1428571428571,22.5
140,583.2857142857143,21.92857142857143
150,583.2857142857143,20.5
160,555.5714285714286,20.5
170,525.0,19.07142857142857
180,525.0,17.642857142857146
190,500.14285714285717,17.642857142857146
200,474.42857142857144,16.214285714285715
210,474.42857142857144,14.785714285714285
220,452.14285714285717,14.785714285714285
230,425.0,13.357142857142858
240,425.0,12.5
250,419.0,12.5
260,421.8571428571429,12.5
270,421.8571428571429,12.5
280,425.0,12.5
290,395.5714285714285,11.862857142857143
300,395.5714285714285,10.278571428571428
310,368.42857142857144,10.278571428571428
320,334.7142857142857,8.697142857142858
330,334.7142857142857,7.112857142857142
340,306.7142857142857,7.112857142857142
350,273.2857142857143,5.531428571428571
360,273.2857142857143,3.947142857142857
370,242.7142857142857,3.947142857142857
380,213.85714285714283,2.362857142857143
390,213.85714285714283,1.4128571428571428
400,209.85714285714286,1.4128571428571428
410,202.71428571428572,1.4071428571428573
420,202.71428571428572,1.4014285714285715
430,205.85714285714286,1.4014285714285715
440,398.97058823529414,5.807142857142857
450,398.97058823529414,16.81714285714286
460,625.0,16.81714285714286
470,849.264705882353,27.83
480,849.264705882353,38.84285714285714
490,1076.7647058823532,38.84285714285714
500,1307.5,49.85857142857143
510,1307.5,60.87714285714286
520,1541.4705882352941,60.87714285714286
530,1762.7941176470588,71.89285714285715
540,1762.7941176470588,78.50000000000001
550,1750.0000000000002,78.50000000000001
560,1750.0000000000002,78.50000000000001
570,1750.0000000000002,78.50000000000001
580,1752.8571428571427,78.50000000000001
590,1571.1111111111113,75.3
600,1571.1111111111113,67.3
610,1409.5833333333335,67.3
620,1243.3333333333335,59.300000000000004
630,1243.3333333333335,51.3
640,1084.5833333333335,51.3
650,926.9444444444446,43.300000000000004
660,926.9444444444446,35.3
670,767.0833333333334,35.3
680,604.4444444444446,27.3
690,604.4444444444446,22.5
700,591.5714285714286,22.5
710,589.8571428571429,22.5
720,589.8571428571429,22.5
730,593.5714285714286,22.5
740,575.8571428571429,21.92857142857143
750,575.8571428571429,20.5
760,545.5714285714286,20.5
770,522.4285714285714,19.07142857142857
780,522.4285714285714,17.642857142857146
790,502.71428571428567,17.642857142857146
800,480.7142857142857,16.214285714285715
810,480.7142857142857,14.785714285714285
820,454.4285714285714,14.785714285714285
830,429.0,13.357142857142858
840,429.0,12.5
850,420.42857142857144,12.5
860,419.0,12.5
870,419.0,12.5
880,417.8571428571429,12.5
890,396.42857142857144,12.105714285714285
900,396.42857142857144,11.118571428571428
910,372.1428571428571,11.118571428571428
920,352.4285714285715,10.131428571428572
930,352.4285714285715,9.15
940,336.7142857142857,9.15
950,318.14285714285717,8.162857142857142
960,318.14285714285717,7.1814285714285715
970,298.1428571428571,7.1814285714285715
980,280.1428571428571,6.200000000000001
990,280.1428571428571,5.607142857142858
1000,281.2857142857143,5.607142857142858
1010,280.7142857142857,5.607142857142858
1020,280.7142857142857,5.612857142857143
1030,279.85714285714283,5.612857142857143
1040,389.8571428571429,8.178571428571429
1050,389.8571428571429,14.594285714285714
1060,512.2857142857142,14.594285714285714
1070,640.4285714285714,21.004285714285714
1080,640.4285714285714,27.41428571428571
1090,757.0000000000001,27.41428571428571
1100,881.4285714285714,33.83
1110,881.4285714285714,40.245714285714286
1120,998.142857142857,40.245714285714286
1130,1115.4285714285716,46.65571428571428
1140,1115.4285714285716,50.5
1150,1155.4411764705883,50.5
1160,1161.3235294117649,50.5
1170,1161.3235294117649,50.5
1180,1158.3823529411768,50.5
1190,1070.0000000000002,48.9
