time,latency,size
0,1153.4285714285716,46.5
10,1067.0000000000002,46.5
20,980.2857142857143,42.5
30,980.2857142857143,38.50000000000001
40,892.1428571428571,38.50000000000001
50,813.7142857142858,34.5
60,813.7142857142858,30.5
70,726.4285714285713,30.5
80,642.8571428571429,26.500000000000004
90,642.8571428571429,22.5
100,606.1428571428571,22.5
110,611.0,22.5
120,611.0,22.5
130,615.2857142857142,22.5
140,602.7142857142858,22.5
150,602.7142857142858,21.07142857142857
160,573.5714285714286,21.07142857142857
170,543.0,19.642857142857142
180,543.0,18.21428571428571
190,518.1428571428572,18.21428571428571
200,486.42857142857144,16.785714285714285
210,486.42857142857144,15.357142857142856
220,455.5714285714285,15.357142857142856
230,430.4285714285714,13.928571428571429
240,430.42857142857144,12.5
250,412.4285714285714,12.5
260,410.14285714285717,12.5
270,410.14285714285717,12.5
280,408.7142857142857,12.5
290,395.2857142857143,12.5
300,395.2857142857143,10.91
310,367.57142857142856,10.91
320,343.8571428571429,9.322857142857142
330,343.8571428571429,7.735714285714285
340,303.2857142857143,7.735714285714285
350,279.2857142857143,6.151428571428571
360,279.2857142857143,4.5614285714285705
370,245.28571428571428,4.5614285714285705
380,216.7142857142857,2.9771428571428573
390,216.7142857142857,1.3985714285714286
400,201.0,1.3985714285714286
410,200.14285714285714,1.3985714285714286
420,200.14285714285714,1.4042857142857144
430,198.14285714285717,1.4042857142857144
440,311.0294117647059,1.448529411764706
450,311.0294117647059,10.177142857142858
460,534.4117647058824,11.645
470,710.4411764705883,21.195714285714285
480,710.4411764705882,32.20857142857143
490,984.7058823529412,37.335
500,1196.9117647058824,43.215714285714284
510,1196.9117647058824,55.82941176470588
520,1419.7058823529412,65.20862068965519
530,1647.2058823529414,65.24428571428571
540,1647.2058823529414,74.1388888888889
550,1715.7142857142856,78.50000000000001
560,1712.857142857143,78.50000000000001
570,1712.857142857143,78.50000000000001
580,1757.142857142857,78.50000000000001
590,1603.888888888889,78.50000000000001
600,1603.888888888889,72.74285714285713
610,1452.361111111111,69.46774193548387
620,1303.611111111111,62.94444444444444
630,1303.611111111111,56.74285714285714
640,1147.361111111111,48.74285714285714
650,995.5555555555557,48.74285714285714
660,995.5555555555557,40.74285714285714
670,835.1388888888889,32.74285714285714
680,686.388888888889,32.74285714285714
690,686.388888888889,24.74285714285714
700,605.8571428571429,22.5
710,615.0,22.5
720,615.0,22.5
730,597.0,22.5
740,586.4285714285714,22.5
750,586.4285714285714,21.07142857142857
760,556.4285714285714,19.642857142857142
770,539.8571428571429,19.642857142857142
780,539.8571428571429,18.21428571428571
790,513.2857142857142,16.785714285714285
800,487.8571428571429,16.785714285714285
810,487.8571428571429,15.357142857142856
820,454.71428571428567,13.928571428571429
830,438.7142857142857,13.928571428571429
840,438.7142857142857,12.5
850,418.4285714285714,12.5
860,425.5714285714285,12.5
870,425.5714285714285,12.5
880,421.00000000000006,12.5
890,405.28571428571433,12.5
900,405.28571428571433,11.515714285714285
910,381.85714285714283,10.53142857142857
920,363.0,10.53142857142857
930,363.0,9.544285714285715
940,344.14285714285717,8.551428571428573
950,327.0,8.551428571428573
960,327.0,7.564285714285715
970,301.2857142857143,6.577142857142857
980,282.7142857142857,6.577142857142857
990,282.7142857142857,5.5928571428571425
1000,276.7142857142857,5.59
1010,276.7142857142857,5.59
1020,276.7142857142857,5.59
1030,279.5714285714286,5.760294117647058
1040,350.44117647058823,5.760294117647058
1050,350.44117647058823,10.574285714285715
1060,478.0882352941177,16.99
1070,618.2352941176471,16.99
1080,618.2352941176471,24.094117647058827
1090,746.6176470588235,30.69558823529412
1100,880.2941176470589,30.69558823529412
1110,880.2941176470589,37.3
1120,1016.323529411765,43.9014705882353
1130,1153.2352941176473,43.9014705882353
1140,1153.2352941176473,49.05714285714286
1150,1193.857142857143,51.98529411764706
1160,1195.7142857142858,51.98529411764706
1170,1195.7142857142858,51.98529411764706
1180,1190.0000000000002,49.09722222222222
1190,1156.2857142857144,49.09722222222222
