time,latency,size
0,1134.0,44.9
10,1050.2857142857144,40.900000000000006
20,974.7142857142857,40.900000000000006
30,974.7142857142857,36.9
40,903.1428571428571,32.9
50,826.1428571428572,32.9
60,771.0,28.900000000000002
70,747.2857142857142,24.9
80,670.7142857142857,24.9
90,599.5714285714286,22.5
100,599.5714285714286,22.5
110,604.1428571428571,22.5
120,603.2857142857142,22.5
130,603.2857142857142,21.92857142857143
140,585.0,21.92857142857143
150,557.8571428571429,20.5
160,557.8571428571429,19.07142857142857
170,526.4285714285714,19.07142857142857
180,508.4285714285714,17.642857142857146
190,508.4285714285714,16.214285714285715
200,482.7142857142857,16.214285714285715
210,450.1428571428572,14.785714285714285
220,450.1428571428572,13.357142857142858
230,421.8571428571429,13.357142857142858
240,409.00000000000006,12.5
250,409.00000000000006,12.5
260,407.0,12.5
270,409.8571428571429,12.5
280,409.8571428571429,11.862857142857143
290,385.00000000000006,11.862857142857143
300,353.8571428571429,10.28142857142857
310,353.8571428571429,8.691428571428572
320,329.2857142857143,8.691428571428572
330,299.2857142857143,7.101428571428571
340,299.2857142857143,5.517142857142857
350,273.2857142857143,5.517142857142857
360,242.7142857142857,3.93
370,242.7142857142857,2.3457142857142856
380,216.42857142857142,2.3457142857142856
390,207.85714285714283,1.39
400,207.85714285714283,1.3871428571428572
410,210.1428571428571,1.3871428571428572
420,205.85714285714286,1.3957142857142857
430,205.85714285714286,3.5614285714285714
440,295.7142857142857,3.5614285714285714
450,520.7142857142857,14.574285714285715
460,520.7142857142857,25.59
470,743.1428571428571,25.59
480,958.7142857142858,36.60285714285714
490,958.7142857142857,47.62428571428572
500,1176.857142857143,47.62428571428572
510,1376.7142857142858,58.63714285714285
520,1376.7142857142858,69.64714285714285
530,1596.5714285714284,69.64714285714285
540,1724.2857142857142,78.50000000000001
550,1724.2857142857142,78.50000000000001
560,1710.0,78.50000000000001
570,1707.1428571428569,78.50000000000001
580,1707.1428571428569,77.54285714285713
590,1662.1428571428569,77.54285714285713
600,1507.4285714285716,69.54285714285714
610,1507.4285714285716,61.542857142857144
620,1363.857142857143,61.542857142857144
630,1202.5714285714287,53.54285714285715
640,1202.5714285714287,45.542857142857144
650,1045.857142857143,45.542857142857144
660,890.8571428571428,37.542857142857144
670,890.8571428571428,29.54285714285714
680,733.2857142857143,29.54285714285714
690,615.5714285714286,22.5
700,615.5714285714286,22.5
710,607.5714285714286,22.5
720,605.2857142857142,22.5
730,605.2857142857142,21.92857142857143
740,583.8571428571429,21.92857142857143
750,557.5714285714286,20.5
760,557.5714285714286,19.07142857142857
770,526.4285714285714,19.07142857142857
780,496.4285714285714,17.642857142857146
790,496.4285714285714,16.214285714285715
800,472.14285714285717,16.214285714285715
810,449.0,14.785714285714285
820,449.0,13.357142857142858
830,420.42857142857144,13.357142857142858
840,412.4285714285714,12.5
850,412.4285714285714,12.5
860,412.14285714285717,12.5
870,414.1428571428572,12.5
880,414.1428571428572,12.105714285714285
890,398.1428571428571,12.105714285714285
900,376.42857142857144,11.127142857142859
910,376.42857142857144,10.137142857142859
920,355.8571428571429,10.137142857142859
930,339.2857142857143,9.147142857142859
940,339.2857142857143,8.162857142857142
950,324.42857142857144,8.162857142857142
960,299.2857142857143,7.172857142857142
970,299.2857142857143,6.188571428571429
980,284.7142857142857,6.188571428571429
990,280.42857142857144,5.5928571428571425
1000,280.42857142857144,5.581428571428571
1010,284.42857142857144,5.581428571428571
1020,283.2857142857143,5.59
1030,283.2857142857143,6.721428571428572
1040,333.7142857142857,6.721428571428572
1050,462.14285714285717,13.134285714285715
1060,462.14285714285717,19.552857142857142
1070,590.5714285714286,19.552857142857142
1080,715.0000000000001,25.965714285714288
1090,715.0000000000001,32.38428571428572
1100,842.8571428571427,32.38428571428572
1110,967.5714285714284,38.80285714285714
1120,967.5714285714284,45.21285714285714
1130,1089.4285714285716,45.21285714285714
1140,1164.2857142857144,50.5
1150,1164.2857142857144,50.5
1160,1164.285714285714,50.5
1170,1152.857142857143,50.5
1180,1152.857142857143,49.7
1190,1136.142857142857,49.7
