time,latency,size
0,1092.142857142857,46.76388888888889
10,1004.5714285714286,42.87500000000001
20,1004.5714285714286,38.986111111111114
30,930.1428571428571,38.986111111111114
40,844.2857142857143,36.10000000000001
50,844.2857142857143,32.1
60,768.7142857142858,32.1
70,702.8571428571429,28.1
80,702.8571428571429,23.43055555555556
90,601.3888888888889,23.43055555555556
100,607.5714285714286,22.5
110,607.5714285714286,22.5
120,609.2857142857142,22.5
130,587.9166666666667,22.5
140,587.9166666666667,21.642857142857142
150,588.1428571428571,21.642857142857142
160,565.2857142857143,20.214285714285715
170,565.2857142857143,18.785714285714285
180,537.0,18.785714285714285
190,523.6764705882354,17.357142857142858
200,523.6764705882354,15.928571428571427
210,479.2857142857142,15.928571428571427
220,459.2857142857142,14.5
230,459.2857142857142,13.07142857142857
240,435.0,13.07142857142857
250,428.4285714285714,12.5
260,428.4285714285714,12.5
270,424.71428571428567,12.5
280,410.69444444444446,12.5
290,410.69444444444446,11.547142857142859
300,390.69444444444446,11.388333333333334
310,362.08333333333337,9.96
320,362.08333333333337,8.378571428571428
330,330.97222222222223,7.691666666666666
340,312.1428571428571,6.794285714285714
350,312.1428571428571,5.207142857142857
360,270.69444444444446,3.9916666666666667
370,241.25000000000003,3.6200000000000006
380,241.25000000000003,2.0328571428571434
390,217.5714285714286,1.4000000000000001
400,212.42857142857147,1.3985714285714286
410,212.42857142857147,1.3957142857142857
420,211.5714285714286,1.39
430,218.38235294117646,1.3957142857142857
440,218.38235294117646,8.238235294117647
450,418.6764705882353,9.41896551724138
460,653.8235294117646,19.57794117647059
470,653.8235294117646,30.917647058823533
480,872.4999999999999,36.008620689655174
490,1094.4117647058824,42.25735294117647
500,1094.4117647058824,53.597058823529416
510,1328.0882352941178,64.93970588235294
520,1554.4117647058824,64.93970588235294
530,1554.4117647058824,76.27352941176471
540,1733.0,78.50000000000001
550,1752.8571428571427,78.50000000000001
560,1752.8571428571427,78.50000000000001
570,1750.0000000000002,78.50000000000001
580,1741.4285714285716,78.50000000000001
590,1741.4285714285716,73.70000000000002
600,1616.0,65.69999999999999
610,1448.4285714285716,65.69999999999999
620,1448.4285714285716,57.7
630,1286.5714285714287,49.7
640,1116.7142857142858,49.7
650,1116.7142857142858,41.7
660,952.2857142857143,33.7
670,783.8571428571429,33.7
680,783.8571428571429,25.7
690,633.7142857142858,22.5
700,595.5714285714286,22.5
710,595.5714285714286,22.5
720,591.0,22.5
730,589.0000000000001,22.5
740,589.0000000000001,21.642857142857142
750,564.4285714285714,20.214285714285715
760,542.4285714285716,20.214285714285715
770,542.4285714285716,18.78571428571429
780,513.5714285714286,17.357142857142858
790,484.14285714285717,17.357142857142858
800,484.14285714285717,15.928571428571427
810,461.2857142857142,14.5
820,436.7142857142858,14.5
830,436.7142857142858,13.07142857142857
840,409.8571428571429,12.5
850,406.42857142857144,12.5
860,406.42857142857144,12.5
870,402.7142857142857,12.5
880,406.71428571428567,12.5
890,406.71428571428567,11.904285714285715
900,391.2857142857143,10.92
910,371.57142857142856,10.92
920,371.57142857142856,9.938571428571429
930,349.57142857142856,8.954285714285714
940,335.8571428571429,8.954285714285714
950,335.8571428571429,7.9642857142857135
960,316.1428571428571,6.982857142857142
970,299.85714285714283,6.982857142857142
980,299.8571428571429,5.998571428571429
990,275.28571428571433,5.61
1000,272.42857142857144,5.61
1010,272.42857142857144,5.61
1020,275.5714285714286,5.607142857142858
1030,274.7142857142857,5.607142857142858
1040,274.7142857142857,9.457142857142859
1050,378.7142857142857,15.875714285714283
1060,519.1428571428572,15.875714285714283
1070,519.1428571428572,22.28571428571429
1080,645.5714285714286,28.69857142857143
1090,774.8571428571429,28.69857142857143
1100,774.8571428571429,35.11142857142857
1110,907.0,41.52428571428572
1120,1030.0,41.52428571428572
1130,1030.0,47.93714285714286
1140,1146.857142857143,50.5
1150,1173.0,50.5
1160,1173.0,50.5
1170,1170.142857142857,50.5
1180,1164.4285714285713,50.5
1190,1164.4285714285713,48.10000000000001
