time,latency,size
0,1112.142857142857,49.7
10,1032.857142857143,45.70000000000001
20,1032.857142857143,43.14285714285714
30,951.0,43.14285714285714
40,869.142857142857,37.7
50,869.142857142857,33.70000000000001
60,792.4285714285713,33.70000000000001
70,718.0000000000001,29.7
80,718.0,25.7
90,637.0000000000001,25.7
100,598.7142857142857,22.5
110,598.7142857142857,22.5
120,599.8571428571429,22.5
130,600.7142857142858,22.5
140,600.7142857142858,22.214285714285715
150,582.4285714285714,22.214285714285715
160,554.7142857142858,20.78571428571429
170,554.7142857142858,19.357142857142858
180,524.4285714285713,19.357142857142858
190,497.2857142857142,17.92857142857143
200,497.2857142857142,16.500000000000004
210,465.57142857142856,16.500000000000004
220,436.4285714285714,15.071428571428571
230,436.4285714285714,13.642857142857144
240,403.57142857142856,13.642857142857144
250,395.2857142857143,12.5
260,395.2857142857143,12.5
270,391.2857142857143,12.5
280,393.28571428571433,12.5
290,393.28571428571433,12.18142857142857
300,375.57142857142856,12.18142857142857
310,351.85714285714283,10.597142857142858
320,351.85714285714283,9.015714285714285
330,323.57142857142856,9.015714285714285
340,297.2857142857143,7.425714285714285
350,297.2857142857143,5.841428571428572
360,269.2857142857143,5.841428571428572
370,241.0,4.257142857142857
380,241.0,2.6728571428571426
390,209.57142857142858,2.6728571428571426
400,198.71428571428572,1.4071428571428573
410,198.71428571428572,1.4071428571428573
420,196.71428571428572,1.4071428571428573
430,197.00000000000003,1.4042857142857144
440,197.00000000000003,1.3714285714285714
450,349.4117647058824,1.3714285714285714
460,569.264705882353,12.384285714285715
470,569.264705882353,23.397142857142857
480,801.1764705882352,23.397142857142857
490,1033.3823529411766,34.41
500,1033.3823529411766,45.42285714285714
510,1262.3529411764705,45.42285714285714
520,1496.9117647058824,56.43571428571428
530,1496.9117647058824,67.44857142857143
540,1724.4117647058822,67.44857142857143
550,1750.0000000000002,78.50000000000001
560,1749.9999999999998,78.50000000000001
570,1750.0000000000002,78.50000000000001
580,1744.285714285714,78.50000000000001
590,1744.285714285714,78.50000000000001
600,1596.25,78.50000000000001
610,1433.0555555555557,70.5
620,1433.0555555555557,62.5
630,1263.1944444444443,59.83333333333332
640,1103.611111111111,54.50000000000001
650,1103.611111111111,46.5
660,949.3055555555557,41.166666666666664
670,790.5555555555557,38.50000000000001
680,790.5555555555557,30.5
690,633.1944444444445,22.5
700,588.4285714285714,22.5
710,588.4285714285714,22.5
720,594.7142857142858,22.5
730,600.4285714285714,22.5
740,600.4285714285714,22.5
750,585.2857142857142,22.5
760,561.8571428571429,21.07142857142857
770,561.8571428571429,19.642857142857142
780,539.0,19.166666666666668
790,513.2857142857142,18.21428571428571
800,513.2857142857142,16.785714285714285
810,482.42857142857144,15.833333333333332
820,453.00000000000006,15.357142857142856
830,453.00000000000006,14.285714285714283
840,416.14285714285717,12.5
850,400.42857142857144,12.5
860,400.42857142857144,12.5
870,395.85714285714283,12.5
880,397.8571428571429,12.5
890,397.8571428571429,12.65857142857143
900,388.00000000000006,11.512857142857142
910,371.4285714285715,11.512857142857142
920,371.4285714285715,10.528571428571428
930,349.1428571428571,9.181428571428572
940,337.1428571428571,9.181428571428572
950,337.1428571428571,8.551428571428573
960,320.57142857142856,7.561428571428573
970,294.42857142857144,7.561428571428573
980,294.42857142857144,6.580000000000001
990,272.42857142857144,5.437142857142857
1000,269.00000000000006,5.437142857142857
1010,269.00000000000006,5.604285714285715
1020,268.14285714285717,5.604285714285715
1030,272.42857142857144,5.604285714285715
1040,272.42857142857144,5.604285714285715
1050,361.9117647058824,12.02
1060,494.4117647058823,12.02
1070,494.4117647058823,18.43857142857143
1080,631.1764705882352,24.84857142857143
1090,766.9117647058824,24.84857142857143
1100,766.9117647058824,31.261428571428567
1110,894.264705882353,37.66857142857143
1120,1025.8823529411766,37.66857142857143
1130,1025.8823529411766,44.08142857142857
1140,1149.8529411764707,50.5
1150,1155.7142857142858,50.5
1160,1155.7142857142858,50.5
1170,1155.7142857142858,50.5
1180,1161.4285714285713,50.5
1190,1161.4285714285713,50.5
