time,latency,size
0,1156.2857142857144,45.98611111111112
10,1071.857142857143,42.72222222222222
20,987.4285714285713,42.72222222222222
30,987.4285714285713,38.208333333333336
40,907.0,34.31944444444445
50,820.2857142857143,34.31944444444445
60,820.2857142857143,30.430555555555564
70,743.8571428571429,26.54166666666667
80,663.1428571428571,26.54166666666667
90,663.1428571428571,23.300000000000004
100,615.2857142857142,22.5
110,615.2857142857142,22.5
120,615.2857142857142,21.857142857142858
130,615.2857142857143,22.5
140,583.7500000000001,22.5
150,583.7500000000001,21.714285714285715
160,568.7142857142857,20.285714285714285
170,533.8571428571429,20.285714285714285
180,533.8571428571429,18.500000000000004
190,501.0,17.07142857142857
200,476.7142857142857,17.07142857142857
210,439.3055555555556,15.642857142857144
220,439.3055555555556,14.214285714285715
230,427.0,14.214285714285715
240,419.8529411764706,13.529411764705884
250,419.8529411764706,12.142857142857144
260,407.2857142857143,12.142857142857142
270,408.42857142857144,12.5
280,408.42857142857144,12.5
290,387.6388888888889,12.5
300,359.86111111111114,11.272857142857141
310,359.86111111111114,9.647142857142857
320,340.42857142857144,9.647142857142857
330,300.69444444444446,8.065714285714284
340,300.69444444444446,5.9944444444444445
350,274.86111111111114,5.9944444444444445
360,254.14285714285714,4.935714285714285
370,254.14285714285714,3.0794117647058825
380,227.36111111111114,3.0794117647058825
390,222.5,1.7200000000000002
400,222.5,1.362857142857143
410,217.0,1.362857142857143
420,220.14705882352942,1.4428571428571426
430,220.14705882352942,1.4794117647058826
440,319.8529411764706,1.4794117647058826
450,538.529411764706,10.464705882352941
460,538.529411764706,21.804411764705886
470,739.2857142857143,21.804411764705886
480,968.8235294117646,32.19714285714286
490,968.8235294117646,44.5264705882353
500,1159.2857142857144,44.5264705882353
510,1416.1764705882354,55.86323529411765
520,1416.1764705882354,67.16029411764707
530,1597.857142857143,67.16029411764707
540,1721.4285714285713,76.25714285714287
550,1721.4285714285713,78.50000000000001
560,1732.857142857143,78.50000000000001
570,1735.7142857142858,78.50000000000001
580,1735.7142857142858,78.50000000000001
590,1678.5714285714287,78.50000000000001
600,1521.2857142857142,72.1
610,1521.2857142857142,64.10000000000001
620,1359.7142857142858,64.10000000000001
630,1191.2857142857142,56.1
640,1191.2857142857142,48.10000000000001
650,1032.857142857143,48.10000000000001
660,865.0,40.1
670,865.0,32.1
680,705.4285714285714,32.1
690,613.8571428571429,24.1
700,613.8571428571429,22.5
710,613.5714285714286,22.5
720,609.8571428571429,22.5
730,609.8571428571429,22.5
740,601.2857142857143,22.5
750,569.5714285714286,21.357142857142858
760,569.5714285714286,19.92857142857143
770,540.1428571428572,19.92857142857143
780,510.1428571428572,18.500000000000004
790,510.1428571428571,17.07142857142857
800,478.4285714285714,17.07142857142857
810,447.85714285714283,15.642857142857144
820,447.85714285714283,14.214285714285715
830,424.14285714285717,14.214285714285715
840,410.4285714285714,12.785714285714286
850,410.4285714285714,12.5
860,407.2857142857143,12.5
870,405.57142857142856,12.5
880,405.57142857142856,12.5
890,398.7142857142857,12.5
900,380.14285714285717,11.711428571428572
910,380.14285714285717,10.73
920,360.1428571428571,10.73
930,338.7142857142857,9.742857142857142
940,338.7142857142857,8.758571428571429
950,317.2857142857143,8.758571428571429
960,300.14285714285717,7.771428571428573
970,300.14285714285717,6.784285714285715
980,280.42857142857144,6.784285714285715
990,270.42857142857144,5.8
1000,270.42857142857144,5.601428571428571
1010,268.7142857142857,5.601428571428571
1020,273.5714285714286,5.598571428571429
1030,273.5714285714286,5.598571428571429
1040,333.85714285714283,5.598571428571429
1050,466.00000000000006,10.73
1060,466.00000000000006,17.145714285714284
1070,593.5714285714286,17.145714285714284
1080,713.0,23.56142857142857
1090,713.0,29.974285714285713
1100,830.8571428571428,29.974285714285713
1110,963.0,36.39
1120,963.0,42.80285714285714
1130,1083.4285714285713,42.80285714285714
1140,1150.7142857142858,49.21857142857143
1150,1150.7142857142858,50.5
1160,1147.857142857143,50.5
1170,1147.857142857143,50.5
1180,1147.857142857143,50.5
1190,1130.0000000000002,50.5
