time,latency,size
0,1025.0000000000002,47.3
10,1025.0000000000002,43.300000000000004
20,943.7500000000001,43.300000000000004
30,873.0555555555557,39.3
40,873.0555555555557,35.3
50,822.4285714285713,35.3
60,729.3055555555555,31.300000000000004
70,729.3055555555555,27.3
80,657.5000000000001,27.3
90,600.4285714285714,23.300000000000004
100,600.4285714285714,22.5
110,601.5714285714286,22.5
120,595.8571428571429,22.5
130,595.8571428571429,22.5
140,598.5714285714286,22.5
150,563.2857142857142,21.357142857142858
160,563.2857142857142,19.92857142857143
170,545.7142857142858,19.92857142857143
180,509.0,18.500000000000004
190,509.0,17.07142857142857
200,502.57142857142856,17.07142857142857
210,465.2857142857142,15.642857142857144
220,465.2857142857142,14.214285714285715
230,461.14285714285717,14.214285714285715
240,425.2857142857142,12.785714285714286
250,425.2857142857142,12.5
260,434.2857142857142,12.5
270,423.0,12.5
280,423.0,12.5
290,427.71428571428567,12.5
300,382.42857142857144,11.234285714285715
310,382.42857142857144,9.65
320,367.42857142857144,9.175000000000002
330,321.57142857142856,8.065714285714284
340,321.57142857142856,6.472857142857142
350,292.1428571428571,5.468333333333333
360,261.5714285714286,4.888571428571429
370,261.5714285714286,3.3042857142857143
380,231.28571428571428,1.7716666666666665
390,206.14285714285714,1.7228571428571429
400,206.14285714285714,1.4014285714285715
410,206.42857142857144,1.4000000000000001
420,204.71428571428572,1.4042857142857144
430,204.71428571428572,1.41
440,202.05882352941174,1.42
450,438.38235294117646,8.219117647058823
460,438.38235294117646,21.864705882352943
470,657.0588235294117,33.201470588235296
480,873.3823529411766,33.201470588235296
490,873.3823529411766,44.53529411764707
500,1105.2941176470588,53.56617647058824
510,1321.6176470588236,53.56617647058824
520,1321.6176470588236,67.20882352941176
530,1546.4705882352941,76.23088235294118
540,1727.142857142857,76.23088235294118
550,1727.142857142857,80.74285714285715
560,1715.7142857142856,76.25714285714287
570,1718.5714285714287,76.25714285714287
580,1718.5714285714287,78.50000000000001
590,1681.9444444444446,70.09722222222223
600,1565.5714285714284,70.09722222222223
610,1565.5714285714284,64.50000000000001
620,1373.611111111111,54.54166666666667
630,1243.5714285714284,54.54166666666667
640,1243.5714285714284,48.94444444444445
650,1077.4285714285713,38.986111111111114
660,914.7142857142857,38.986111111111114
670,914.7142857142857,33.38888888888889
680,754.2857142857143,23.43055555555556
690,607.7941176470589,23.43055555555556
700,607.7941176470589,22.5
710,584.1428571428572,22.5
720,596.9117647058824,22.5
730,596.9117647058824,22.5
740,592.5714285714286,21.357142857142858
750,552.7777777777778,21.357142857142858
760,552.7777777777778,19.92857142857143
770,542.8571428571429,18.500000000000004
780,505.55555555555566,18.500000000000004
790,505.55555555555566,17.07142857142857
800,490.8571428571429,15.642857142857144
810,465.7142857142857,15.642857142857144
820,465.7142857142857,14.214285714285715
830,442.57142857142856,12.785714285714286
840,398.4722222222223,12.785714285714286
850,398.4722222222223,12.5
860,419.55882352941177,12.5
870,409.00000000000006,12.5
880,409.00000000000006,12.5
890,401.5714285714285,11.711428571428572
900,372.9166666666667,11.711428571428572
910,372.9166666666667,10.727142857142857
920,355.6944444444445,9.74
930,336.52777777777777,9.74
940,336.52777777777777,8.761428571428572
950,333.3823529411765,7.771428571428573
960,299.02777777777777,7.771428571428573
970,299.02777777777777,6.781428571428573
980,284.7142857142857,5.973529411764706
990,279.5588235294118,5.973529411764706
1000,279.5588235294118,5.607142857142858
1010,281.3235294117647,5.766176470588236
1020,280.14705882352945,5.766176470588236
1030,280.14705882352945,5.604285714285715
1040,275.0,9.560294117647059
1050,415.8571428571429,9.560294117647059
1060,415.8571428571429,16.167647058823526
1070,566.4705882352941,22.775000000000002
1080,677.2857142857142,22.775000000000002
1090,677.2857142857142,29.974285714285713
1100,801.1428571428571,35.972058823529416
1110,933.2857142857144,35.972058823529416
1120,933.2857142857144,41.362857142857145
1130,1059.4285714285713,49.180882352941175
1140,1195.7142857142858,49.180882352941175
1150,1195.7142857142858,50.5
1160,1184.2857142857142,50.5
1170,1181.4285714285716,50.5
1180,1181.4285714285716,50.5
1190,1199.857142857143,47.3
