time,latency,size
0,1055.2857142857144,47.3
10,1055.2857142857144,43.300000000000004
20,990.4285714285713,43.300000000000004
30,911.4285714285714,39.3
40,911.4285714285714,35.3
50,845.142857142857,35.3
60,762.4285714285714,31.300000000000004
70,762.4285714285714,27.3
80,674.5714285714286,27.3
90,594.1428571428571,23.300000000000004
100,594.1428571428571,22.5
110,594.7142857142858,22.5
120,594.1428571428571,22.5
130,594.1428571428571,22.5
140,593.8571428571429,22.5
150,566.1428571428572,21.357142857142858
160,566.1428571428572,19.92857142857143
170,542.1428571428572,19.92857142857143
180,515.0,18.500000000000004
190,515.0,17.07142857142857
200,486.1428571428572,17.07142857142857
210,459.85714285714283,15.642857142857144
220,459.85714285714283,14.214285714285715
230,431.0,14.214285714285715
240,405.28571428571433,12.785714285714286
250,405.28571428571433,12.5
260,405.28571428571433,12.5
270,405.85714285714283,12.5
280,405.85714285714283,12.5
290,412.57142857142856,12.5
300,382.0,11.234285714285715
310,382.0,9.65
320,350.8571428571429,9.65
330,315.0,8.062857142857142
340,315.0,6.475714285714284
350,296.00000000000006,6.475714285714284
360,270.2857142857143,4.888571428571429
370,270.2857142857143,3.3071428571428574
380,237.1428571428571,3.3071428571428574
390,203.28571428571428,1.7228571428571429
400,203.28571428571428,1.4014285714285715
410,204.71428571428572,1.4014285714285715
420,208.71428571428572,1.3985714285714286
430,208.71428571428572,1.3985714285714286
440,215.14705882352945,1.3985714285714286
450,442.7941176470588,10.212857142857144
460,442.7941176470588,21.228571428571428
470,655.8823529411765,21.228571428571428
480,881.6176470588236,32.238571428571426
490,881.6176470588236,43.251428571428576
500,1107.3529411764707,43.251428571428576
510,1329.264705882353,54.26714285714286
520,1329.264705882353,65.28285714285714
530,1551.4705882352941,65.28285714285714
540,1732.857142857143,76.29857142857142
550,1732.857142857143,78.50000000000001
560,1718.5714285714284,78.50000000000001
570,1727.142857142857,78.50000000000001
580,1727.142857142857,78.50000000000001
590,1679.1666666666667,78.50000000000001
600,1524.027777777778,72.1
610,1524.027777777778,64.10000000000001
620,1364.7222222222224,64.10000000000001
630,1213.75,56.1
640,1213.75,48.1
650,1053.0555555555559,48.1
660,899.5833333333335,40.1
670,899.5833333333335,32.1
680,746.1111111111112,32.1
690,606.7142857142858,24.1
700,606.7142857142858,22.5
710,606.1428571428571,22.5
720,619.8571428571429,22.5
730,619.8571428571429,22.5
740,613.5714285714286,22.5
750,591.5714285714286,21.357142857142858
760,591.5714285714287,19.92857142857143
770,565.0,19.92857142857143
780,535.0000000000001,18.500000000000004
790,535.0000000000001,17.07142857142857
800,508.4285714285714,17.07142857142857
810,486.57142857142856,15.642857142857144
820,486.57142857142856,14.214285714285715
830,439.2857142857143,14.214285714285715
840,413.2857142857142,12.785714285714285
850,413.2857142857142,12.5
860,408.42857142857144,12.5
870,419.7142857142858,12.5
880,419.7142857142858,12.5
890,414.85714285714283,12.5
900,394.00000000000006,11.711428571428572
910,394.00000000000006,10.727142857142857
920,371.0,10.727142857142857
930,361.42857142857144,9.74
940,361.42857142857144,8.755714285714285
950,339.42857142857144,8.755714285714285
960,319.7142857142857,7.765714285714284
970,319.7142857142857,6.781428571428573
980,288.42857142857144,6.781428571428573
990,273.5714285714286,5.791428571428571
1000,273.5714285714286,5.598571428571429
1010,271.5714285714286,5.598571428571429
1020,265.8571428571429,5.59
1030,265.8571428571429,5.5928571428571425
1040,267.05882352941177,5.5928571428571425
1050,406.3235294117647,10.724285714285715
1060,406.3235294117647,17.142857142857146
1070,536.1764705882354,17.142857142857146
1080,670.1470588235295,23.555714285714284
1090,670.1470588235295,29.974285714285713
1100,801.4705882352941,29.974285714285713
1110,938.3823529411765,36.38428571428572
1120,938.3823529411765,42.80571428571428
1130,1070.0000000000002,42.80571428571428
1140,1137.5000000000002,49.21857142857143
1150,1137.5000000000002,50.5
1160,1157.0000000000002,50.5
1170,1151.2857142857144,50.5
1180,1151.2857142857144,50.5
1190,1105.4166666666667,50.5
