time,latency,size
0,1113.4285714285713,48.31944444444445
10,1026.7142857142858,44.430555555555564
20,1026.7142857142858,41.7
30,950.8571428571428,41.7
40,867.2857142857144,36.652777777777786
50,867.2857142857144,32.76388888888889
60,784.8571428571428,32.76388888888889
70,700.1428571428571,28.875000000000004
80,700.1428571428571,25.7
90,637.2857142857143,25.7
100,611.0,23.161764705882355
110,611.0,22.5
120,611.8571428571429,22.5
130,607.2857142857143,21.875000000000004
140,607.2857142857143,22.214285714285715
150,594.1428571428571,22.214285714285715
160,568.7142857142857,20.78571428571429
170,568.7142857142857,19.926470588235297
180,542.1428571428572,19.926470588235297
190,509.85714285714283,17.430555555555557
200,509.85714285714283,16.04166666666667
210,485.0,16.04166666666667
220,456.7142857142857,15.51470588235294
230,456.7142857142857,13.642857142857144
240,433.2857142857143,13.642857142857144
250,420.42857142857144,12.5
260,420.42857142857144,12.867647058823529
270,424.14285714285717,12.867647058823529
280,422.7142857142857,12.5
290,422.7142857142857,12.542647058823531
300,401.2857142857143,12.542647058823531
310,368.7142857142857,10.908823529411766
320,368.7142857142857,8.765277777777778
330,338.14285714285717,8.765277777777778
340,308.42857142857144,7.644117647058824
350,308.42857142857144,5.838571428571429
360,279.2857142857143,5.838571428571429
370,251.28571428571428,4.2542857142857144
380,251.28571428571428,2.593055555555556
390,218.42857142857144,2.593055555555556
400,208.42857142857142,1.3957142857142857
410,208.42857142857142,1.392857142857143
420,206.42857142857144,1.392857142857143
430,205.28571428571425,1.4308823529411767
440,205.28571428571425,3.591428571428571
450,338.8571428571429,3.591428571428571
460,563.2857142857142,15.036764705882353
470,563.2857142857142,25.62
480,781.1428571428571,25.62
490,995.2857142857143,37.71323529411765
500,995.2857142857143,47.65142857142857
510,1207.142857142857,47.65142857142857
520,1415.5714285714287,58.67000000000001
530,1415.5714285714287,69.68285714285713
540,1630.0000000000002,69.68285714285713
550,1715.7142857142856,78.50000000000001
560,1715.7142857142856,78.50000000000001
570,1704.2857142857142,78.50000000000001
580,1698.571428571429,78.50000000000001
590,1698.571428571429,76.9
600,1606.7142857142858,76.9
610,1451.7142857142858,68.90000000000002
620,1451.7142857142858,60.9
630,1300.7142857142858,60.9
640,1144.5714285714284,52.9
650,1144.5714285714284,44.9
660,979.8571428571428,44.9
670,823.7142857142857,36.9
680,823.7142857142857,28.900000000000002
690,661.0000000000001,28.900000000000002
700,596.7142857142858,22.5
710,596.7142857142858,22.5
720,595.0000000000001,22.5
730,588.7142857142858,22.5
740,588.7142857142858,22.214285714285715
750,571.2857142857143,22.214285714285715
760,542.4285714285714,20.78571428571429
770,542.4285714285714,19.357142857142858
780,516.7142857142858,19.357142857142858
790,491.5714285714285,17.92857142857143
800,491.5714285714285,16.5
810,461.5714285714285,16.5
820,436.71428571428567,15.071428571428571
830,436.71428571428567,13.642857142857144
840,415.2857142857143,13.642857142857144
850,403.57142857142856,12.5
860,403.57142857142856,12.5
870,406.71428571428567,12.5
880,406.42857142857144,12.5
890,406.42857142857144,12.301428571428572
900,395.2857142857143,12.301428571428572
910,379.57142857142856,11.317142857142859
920,379.57142857142856,10.332857142857144
930,359.57142857142856,10.332857142857144
940,335.2857142857143,9.345714285714285
950,335.2857142857143,8.364285714285714
960,319.0,8.364285714285714
970,297.2857142857143,7.38
980,297.2857142857143,6.392857142857143
990,273.85714285714283,6.392857142857143
1000,265.2857142857143,5.604285714285715
1010,265.2857142857143,5.601428571428571
1020,265.8571428571429,5.601428571428571
1030,264.1428571428571,5.604285714285715
1040,264.1428571428571,6.888571428571429
1050,352.57142857142856,6.888571428571429
1060,471.2857142857142,13.29857142857143
1070,471.2857142857142,19.71142857142857
1080,597.7142857142858,19.71142857142857
1090,723.2857142857142,26.127142857142857
1100,723.2857142857142,32.542857142857144
1110,850.8571428571428,32.542857142857144
1120,975.0000000000001,38.95857142857143
1130,975.0,45.36857142857143
1140,1106.857142857143,45.36857142857143
1150,1142.142857142857,50.5
1160,1142.142857142857,50.5
1170,1147.857142857143,50.5
1180,1145.0000000000002,50.5
1190,1145.0000000000002,49.7
