time,latency,size
0,1105.2857142857144,44.9
10,1029.7142857142858,44.9
20,948.8571428571429,40.900000000000006
30,948.8571428571429,36.9
40,868.4285714285714,36.9
50,795.1428571428571,32.9
60,795.1428571428571,28.900000000000002
70,701.2857142857142,28.900000000000002
80,624.2857142857142,24.9
90,624.2857142857142,22.5
100,611.8571428571429,22.5
110,605.0,22.5
120,605.0,22.5
130,606.7142857142858,22.5
140,588.7142857142858,21.92857142857143
150,588.7142857142857,20.5
160,562.1428571428572,20.5
170,536.1428571428572,19.07142857142857
180,536.1428571428572,17.642857142857146
190,509.0,17.642857142857146
200,481.00000000000006,16.214285714285715
210,481.00000000000006,14.785714285714285
220,458.7142857142857,14.785714285714285
230,429.85714285714283,13.357142857142858
240,429.85714285714283,12.5
250,419.2857142857142,12.5
260,416.4285714285715,12.5
270,416.4285714285715,12.5
280,419.5714285714285,12.5
290,392.4285714285715,11.868571428571428
300,392.42857142857144,10.28142857142857
310,362.14285714285717,9.911666666666665
320,328.7142857142857,8.697142857142858
330,328.7142857142857,7.1157142857142865
340,301.8571428571429,6.218333333333334
350,271.5714285714286,5.5285714285714285
360,271.5714285714286,3.944285714285714
370,244.1428571428571,2.5183333333333335
380,215.57142857142858,2.357142857142857
390,215.57142857142858,1.3985714285714286
400,211.85714285714286,1.4000000000000001
410,211.0,1.4014285714285715
420,211.0,1.4014285714285715
430,213.0,1.3966666666666667
440,406.71428571428567,5.801428571428572
450,406.71428571428567,16.81714285714286
460,631.7142857142858,19.385000000000005
470,850.4285714285714,27.83
480,850.4285714285714,38.84571428571429
490,1067.142857142857,49.864285714285714
500,1285.0,49.864285714285714
510,1285.0,60.87714285714286
520,1499.7142857142858,71.89
530,1715.857142857143,71.89
540,1715.857142857143,78.50000000000001
550,1730.0,78.50000000000001
560,1721.4285714285718,78.50000000000001
570,1721.4285714285718,78.50000000000001
580,1721.4285714285713,75.3
590,1582.857142857143,75.3
600,1582.857142857143,67.3
610,1422.4285714285713,59.300000000000004
620,1263.142857142857,59.300000000000004
630,1263.142857142857,51.3
640,1098.142857142857,43.300000000000004
650,947.4285714285714,43.300000000000004
660,947.4285714285714,35.3
670,765.1428571428571,27.3
680,605.2857142857142,27.3
690,605.2857142857142,22.5
700,571.4285714285714,22.5
710,569.1428571428572,22.5
720,569.1428571428572,22.5
730,571.7142857142857,21.92857142857143
740,557.1428571428572,21.92857142857143
750,557.1428571428572,20.5
760,535.4285714285714,19.07142857142857
770,528.4285714285714,19.07142857142857
780,528.4285714285714,17.642857142857146
790,498.42857142857144,16.214285714285715
800,482.4285714285714,16.214285714285715
810,482.4285714285714,14.785714285714285
820,455.0,13.357142857142858
830,426.42857142857144,13.357142857142858
840,426.42857142857144,12.5
850,421.2857142857143,12.5
860,418.14285714285717,12.5
870,418.14285714285717,12.5
880,427.00000000000006,12.108571428571429
890,413.5714285714285,12.108571428571429
900,413.5714285714285,11.124285714285714
910,389.2857142857143,10.142857142857142
920,370.42857142857144,10.142857142857142
930,370.42857142857144,9.15857142857143
940,349.57142857142856,8.177142857142856
950,325.57142857142856,8.177142857142856
960,325.57142857142856,7.187142857142856
970,300.42857142857144,6.200000000000001
980,278.14285714285717,6.200000000000001
990,278.14285714285717,5.61
1000,271.85714285714283,5.612857142857143
1010,271.5714285714286,5.612857142857143
1020,271.5714285714286,5.607142857142858
1030,275.2857142857143,8.170000000000002
1040,324.85714285714283,8.170000000000002
1050,324.85714285714283,14.58
1060,453.57142857142856,20.998571428571427
1070,582.8571428571429,20.998571428571427
1080,582.8571428571429,27.41428571428571
1090,705.5714285714286,33.824285714285715
1100,833.0000000000001,33.824285714285715
1110,833.0000000000001,40.23428571428572
1120,960.2857142857144,46.65
1130,1077.857142857143,46.65
1140,1077.857142857143,50.5
1150,1154.4285714285716,50.5
1160,1152.5714285714284,50.5
1170,1152.5714285714284,50.5
1180,1142.4285714285716,48.9
1190,1134.0,48.9
