time,latency,size
0,1059.857142857143,47.3
10,1059.857142857143,43.300000000000004
20,973.1428571428571,43.300000000000004
30,893.5714285714286,39.3
40,893.5714285714286,35.3
50,819.4285714285713,35.3
60,741.8571428571429,31.300000000000004
70,741.8571428571429,27.3
80,658.0000000000001,27.3
90,603.5714285714286,23.300000000000004
100,603.5714285714286,22.5
110,601.2857142857143,22.5
120,606.7142857142858,22.5
130,606.7142857142858,22.5
140,592.1428571428571,22.5
150,558.4285714285714,21.357142857142858
160,558.4285714285714,19.92857142857143
170,528.1428571428572,19.92857142857143
180,498.42857142857144,18.500000000000004
190,498.42857142857144,17.07142857142857
200,471.57142857142856,17.07142857142857
210,449.85714285714283,15.642857142857144
220,449.85714285714283,14.214285714285715
230,421.8571428571429,14.214285714285715
240,412.14285714285717,12.785714285714286
250,412.14285714285717,12.5
260,414.42857142857144,12.5
270,409.57142857142856,12.5
280,409.57142857142856,12.5
290,399.0,12.5
300,371.8571428571429,11.231428571428571
310,371.8571428571429,9.644285714285715
320,335.2857142857143,9.644285714285715
330,303.2857142857143,8.062857142857142
340,303.2857142857143,6.481428571428571
350,275.2857142857143,6.481428571428571
360,245.28571428571428,4.891428571428571
370,245.28571428571428,3.301428571428572
380,219.57142857142858,3.301428571428572
390,207.28571428571428,1.7142857142857142
400,207.28571428571428,1.39
410,205.85714285714286,1.3900000000000001
420,210.42857142857142,1.3871428571428572
430,210.42857142857142,1.3814285714285715
440,314.42857142857144,1.3814285714285715
450,526.2857142857143,10.19
460,526.2857142857143,21.208571428571428
470,744.7142857142858,21.208571428571428
480,960.2857142857144,32.22714285714285
490,960.2857142857144,43.24285714285714
500,1165.2857142857144,43.24285714285714
510,1366.5714285714284,54.26428571428571
520,1366.5714285714284,65.28285714285714
530,1581.2857142857142,65.28285714285714
540,1687.1428571428569,76.29857142857144
550,1687.1428571428569,78.50000000000001
560,1690.0000000000002,78.50000000000001
570,1684.285714285714,78.50000000000001
580,1684.285714285714,78.50000000000001
590,1621.7142857142858,78.50000000000001
600,1476.142857142857,72.1
610,1476.142857142857,64.10000000000001
620,1334.5714285714287,64.10000000000001
630,1136.4285714285716,56.1
640,1136.4285714285716,48.10000000000001
650,981.7142857142858,48.10000000000001
660,823.0,40.1
670,823.0,32.1
680,666.2857142857142,32.1
690,567.8571428571429,24.1
700,567.8571428571429,22.5
710,566.4285714285714,22.5
720,565.5714285714286,22.5
730,565.5714285714286,22.5
740,603.5714285714286,22.5
750,576.4285714285714,21.357142857142858
760,576.4285714285714,19.92857142857143
770,548.1428571428572,19.92857142857143
780,519.2857142857142,18.500000000000004
790,519.2857142857142,17.07142857142857
800,493.8571428571429,17.07142857142857
810,463.57142857142856,15.642857142857144
820,463.57142857142856,14.214285714285715
830,432.1428571428572,14.214285714285715
840,401.85714285714283,12.785714285714286
850,401.85714285714283,12.5
860,400.71428571428567,12.5
870,400.14285714285717,12.5
880,400.14285714285717,12.5
890,410.2857142857142,12.5
900,389.7142857142857,11.717142857142857
910,389.7142857142857,10.735714285714286
920,359.2857142857143,10.735714285714286
930,341.8571428571429,9.745714285714286
940,341.8571428571429,8.761428571428572
950,325.57142857142856,8.761428571428572
960,314.2857142857143,7.777142857142858
970,314.2857142857143,6.790000000000001
980,292.57142857142856,6.790000000000001
990,265.0,5.8028571428571425
1000,265.0,5.595714285714285
1010,262.7142857142857,5.595714285714285
1020,265.5714285714286,5.5928571428571425
1030,265.5714285714286,5.595714285714285
1040,268.7142857142857,5.595714285714285
1050,401.1428571428571,10.724285714285715
1060,401.1428571428571,17.13714285714286
1070,519.2857142857142,17.13714285714286
1080,643.2857142857143,23.552857142857142
1090,643.2857142857143,29.96857142857143
1100,763.4285714285714,29.96857142857143
1110,882.5714285714284,36.387142857142855
1120,882.5714285714284,42.8
1130,1013.142857142857,42.8
1140,1122.5714285714284,49.215714285714284
1150,1122.5714285714284,50.5
1160,1116.857142857143,50.5
1170,1124.4285714285716,50.5
1180,1124.4285714285716,50.5
1190,1129.7142857142858,50.5
