time,latency,size
0,18892.857142857145,50.50000000000001
10,13530.0,50.50000000000001
20,13530.0,47.08333333333333
30,12340.476190476189,36.5
40,8070.0,36.5
50,8070.0,29.5
60,6963.333333333333,22.500000000000004
70,2517.8571428571436,22.500000000000004
80,2517.8571428571436,22.5
90,2209.375,22.5
100,2270.0,22.5
110,2270.0,22.5
120,2256.6666666666665,22.5
130,2417.857142857143,22.5
140,2417.857142857143,22.5
150,2103.125,22.5
160,1921.8750000000002,22.5
170,1921.8750000000002,19.166666666666668
180,1640.6249999999998,15.833333333333332
190,1550.0,12.5
200,1550.0,12.5
210,1443.3333333333333,12.5
220,1476.6666666666667,12.5
230,1476.6666666666667,12.5
240,1403.3333333333333,12.5
250,1416.6666666666667,12.5
260,1416.6666666666667,12.5
270,1436.6666666666667,12.5
280,1536.6666666666665,12.5
290,1536.6666666666665,12.5
300,1570.0000000000002,11.809375000000001
310,1313.6666666666667,11.495454545454544
320,1313.6666666666667,8.3375
330,942.0,4.7875000000000005
340,605.0,1.2650000000000001
350,605.0,1.4000000000000001
360,537.0,1.3133333333333332
370,553.6666666666666,1.4000000000000001
380,553.6666666666666,1.4033333333333333
390,600.3333333333334,1.3093750000000002
400,647.6666666666666,1.39
410,647.6666666666666,1.4892857142857145
420,675.0,1.3833333333333333
430,664.3333333333334,1.39
440,664.3333333333334,1.39
450,707.5000000000001,1.4964285714285717
460,1522.0,1.75
470,1522.0,10.277777777777777
480,6064.166666666666,32.809999999999995
490,8237.5,78.5
500,8237.5,78.5
510,23875.000000000004,78.5
520,44250.00000000001,78.5
530,44250.00000000001,78.5
540,61375.00000000001,78.5
550,76875.0,78.50000000000001
560,76875.0,78.5
570,67166.66666666666,67.28571428571428
580,105000.0,52.33333333333333
590,105000.0,78.5
600,91000.00000000001,78.5
610,96125.0,104.66666666666667
620,96125.0,78.5
630,101250.0,78.5
640,51487.50000000001,51.28571428571429
650,2257.1428571428573,31.45
660,2257.1428571428573,31.45
670,2270.8333333333335,20.76923076923077
680,2350.0000000000005,22.5
690,2350.0000000000005,22.5
700,2276.6666666666665,22.5
710,2210.0,22.5
720,2210.0,22.5
730,2236.6666666666665,22.5
740,2236.666666666667,22.5
750,2236.666666666667,22.5
760,2203.3333333333335,19.833333333333332
770,1936.6666666666663,16.5
780,1936.6666666666663,16.5
790,1696.6666666666663,13.166666666666668
800,1530.0,12.5
810,1530.0,12.5
820,1503.3333333333333,12.5
830,1510.0,12.5
840,1510.0,12.5
850,1510.0,12.5
860,1503.3333333333333,12.5
870,1503.3333333333333,12.5
880,1436.6666666666667,12.5
890,1423.3333333333333,12.5
900,1423.3333333333333,12.5
910,1236.875,10.673333333333334
920,1106.25,8.376666666666667
930,1106.25,8.376666666666667
940,983.4375000000001,6.073333333333333
950,973.0,5.596666666666667
960,973.0,5.596666666666667
970,1027.3333333333333,5.61
980,1014.0,5.616666666666667
990,1014.0,5.616666666666667
1000,1020.6666666666667,5.623333333333333
1010,929.3333333333331,5.61
1020,929.3333333333331,5.61
1030,897.0,5.596666666666667
1040,931.0,5.59
1050,931.0,5.59
1060,1666.1538461538462,16.373076923076923
1070,4342.5,32.25
1080,4342.5,32.25
1090,7429.166666666666,47.042307692307695
1100,8784.615384615385,46.892857142857146
1110,8784.615384615385,46.892857142857146
1120,10982.142857142859,50.50000000000001
1130,11707.142857142857,54.38461538461539
1140,11707.142857142857,54.38461538461539
1150,14653.571428571431,54.38461538461539
1160,14777.272727272726,42.73076923076923
1170,14777.272727272726,42.73076923076923
1180,16507.69230769231,46.892857142857146
1190,18772.727272727272,46.61538461538462
