time,latency,size
0,22923.076923076922,54.38461538461539
10,22923.076923076922,54.38461538461539
20,15731.81818181818,40.09523809523809
30,14547.619047619048,35.833333333333336
40,14547.619047619048,35.83333333333333
50,9885.416666666666,32.43181818181818
60,6306.666666666667,25.866666666666667
70,6306.666666666667,25.866666666666667
80,2203.1250000000005,22.5
90,2356.6666666666665,22.5
100,2356.6666666666665,22.5
110,2270.0,22.5
120,2230.0000000000005,22.5
130,2230.0000000000005,22.5
140,2183.3333333333335,22.5
150,2300.0,20.46875
160,2300.0,20.46875
170,1996.6666666666663,18.500000000000004
180,1846.6666666666663,15.166666666666666
190,1846.6666666666663,15.166666666666666
200,1440.0,13.392857142857144
210,1593.3333333333333,11.718750000000002
220,1593.3333333333333,11.718750000000002
230,1386.6666666666667,12.5
240,1496.6666666666667,12.5
250,1496.6666666666667,12.5
260,1483.3333333333333,12.5
270,1470.0,12.5
280,1470.0,12.5
290,1430.0000000000002,12.5
300,1409.0000000000002,11.846666666666668
310,1409.0000000000002,11.846666666666666
320,1226.0000000000002,7.634375000000001
330,907.0,4.0843750000000005
340,551.0,4.0843750000000005
350,551.0,1.4166666666666667
360,562.3333333333334,1.3266666666666667
370,585.6666666666666,1.3266666666666667
380,585.6666666666666,1.5133333333333332
390,623.0,1.4033333333333333
400,652.3333333333334,1.4033333333333333
410,652.3333333333334,1.4166666666666667
420,678.3333333333334,1.4166666666666667
430,685.0000000000001,1.4166666666666667
440,685.0000000000001,1.3266666666666667
450,729.2307692307693,1.6416666666666666
460,1452.4999999999998,1.6416666666666666
470,1452.4999999999998,18.688888888888886
480,4304.0,40.650000000000006
490,18170.0,40.650000000000006
500,18170.0,78.5
510,40875.00000000001,78.5
520,38250.00000000001,78.5
530,38250.00000000001,52.33333333333333
540,67125.00000000001,78.5
550,62500.00000000001,78.5
560,62500.00000000001,62.8
570,53200.0,117.75
580,90833.33333333334,117.75
590,90833.33333333334,78.5
600,96000.0,91.58333333333333
610,50449.37500000001,91.58333333333333
620,50449.37500000001,35.69181818181818
630,17593.333333333336,12.154423076923077
640,383.0,12.154423076923077
650,383.00000000000006,0.22328125000000004
660,477.66666666666663,0.5728333333333334
670,637.0000000000001,0.5728333333333334
680,637.0000000000001,1.083
690,814.3333333333334,1.6771428571428573
700,890.6666666666666,1.6771428571428573
710,890.6666666666666,2.3466666666666667
720,934.3333333333333,3.521428571428572
730,967.3333333333333,3.521428571428572
740,967.3333333333333,4.3031250000000005
750,996.6666666666667,6.35357142857143
760,1202.0000000000002,6.35357142857143
770,1202.0000000000002,8.586666666666666
780,1360.0,11.567857142857143
790,1503.3333333333333,11.567857142857143
800,1503.3333333333333,12.5
810,1470.0,12.5
820,1476.6666666666667,12.5
830,1476.6666666666667,12.5
840,1490.0,12.5
850,1556.6666666666667,12.5
860,1556.6666666666667,12.5
870,1523.3333333333333,12.5
880,1576.6666666666667,12.5
890,1576.6666666666667,12.5
900,1563.3333333333333,12.5
910,1528.6666666666667,12.5
920,1528.6666666666667,10.210000000000003
930,1336.3333333333333,7.913333333333333
940,1153.0,7.913333333333333
950,1153.0,5.61
960,1057.0,5.603333333333333
970,980.3333333333331,5.603333333333333
980,980.3333333333331,5.616666666666667
990,1092.0,5.623333333333333
1000,1102.6666666666667,5.623333333333333
1010,1102.6666666666667,5.61
1020,1150.0,5.59
1030,959.0000000000001,5.59
1040,959.0000000000001,5.583333333333333
1050,1033.2142857142858,5.989285714285715
1060,1670.0,5.989285714285715
1070,1670.0,14.814285714285717
1080,4223.333333333333,35.99583333333333
1090,7145.833333333333,35.99583333333333
1100,7145.833333333333,46.61538461538461
1110,11289.285714285714,58.916666666666664
1120,13421.428571428574,58.916666666666664
1130,13421.428571428574,50.50000000000001
1140,11953.57142857143,50.49999999999999
1150,14932.14285714286,50.5
1160,14932.14285714286,47.13333333333333
1170,15965.384615384615,43.766666666666666
1180,20000.0,43.766666666666666
1190,20000.0,50.5
