latency,size
12350.0,48.14473684210527
12350.0,48.14473684210527
11141.02564102564,42.02564102564103
9892.307692307693,38.43589743589744
9892.307692307693,38.43589743589744
8455.128205128205,34.84615384615385
7337.500000000001,32.55128205128205
7337.500000000001,32.55128205128205
5918.292682926829,30.256410256410255
3992.500000000001,25.371794871794876
3992.500000000001,25.371794871794876
2472.8571428571427,22.5
2513.2352941176473,22.5
2513.2352941176473,22.5
2517.142857142857,22.5
2417.1428571428573,21.07142857142857
2417.1428571428573,21.07142857142857
2240.0,19.642857142857142
2114.285714285714,18.21428571428571
2114.285714285714,18.21428571428571
1994.2857142857142,16.785714285714285
1888.5714285714287,15.357142857142856
1888.5714285714287,15.357142857142856
1711.1111111111113,13.928571428571429
1584.2857142857142,12.5
1584.2857142857142,12.5
1578.5714285714284,12.5
1590.0,12.5
1590.0,12.5
1555.0000000000002,12.5
1411.7142857142858,10.912857142857144
1411.7142857142858,10.912857142857142
1272.4285714285713,9.32857142857143
1117.4285714285716,7.741428571428573
1117.4285714285716,7.741428571428573
961.2857142857143,6.151428571428571
828.5714285714284,4.567142857142858
828.5714285714284,4.567142857142858
680.7142857142858,2.9800000000000004
572.1428571428572,1.3957142857142857
572.1428571428572,1.3957142857142857
565.0000000000001,1.392857142857143
565.5714285714286,1.392857142857143
565.5714285714286,1.392857142857143
563.2352941176471,1.4338235294117647
823.8333333333333,4.013333333333333
823.8333333333333,4.013333333333333
1585.0000000000002,7.105555555555556
5288.958333333334,17.516666666666666
5288.958333333334,17.516666666666666
9533.809523809523,25.924999999999997
14830.882352941175,37.76470588235295
14830.882352941175,37.76470588235295
20769.166666666664,50.96071428571429
41404.545454545456,72.89285714285714
41404.545454545456,72.89285714285714
48583.33333333333,78.49999999999999
53999.99999999999,78.5
53999.99999999999,78.5
62166.66666666667,72.46153846153847
40482.5,58.878343750000006
40482.5,58.878343750000006
27081.5625,41.15345238095237
20779.04761904762,32.82822916666667
20779.04761904762,32.82822916666667
10079.782608695652,19.1377
3846.538461538462,8.949732142857144
3846.538461538462,8.949732142857144
678.8333333333333,8.201328125
723.2857142857142,5.577569444444445
723.2857142857142,5.577569444444445
791.2857142857143,1.8968285714285713
878.4285714285714,2.7191428571428573
878.4285714285714,2.7191428571428573
966.8571428571429,3.716142857142857
1077.5714285714284,5.371428571428571
1077.5714285714284,5.371428571428571
1162.5714285714284,6.938571428571429
1248.142857142857,8.385714285714286
1248.142857142857,8.385714285714286
1319.5714285714287,9.69
1407.5714285714284,10.82857142857143
1407.5714285714284,10.82857142857143
1484.2857142857142,11.772857142857143
1524.2857142857142,12.5
1524.2857142857142,12.5
1521.4285714285713,12.5
1538.5714285714284,12.5
1538.5714285714284,12.5
1447.142857142857,12.5
1394.142857142857,11.515714285714285
1394.142857142857,11.515714285714285
1329.142857142857,10.53142857142857
1250.5714285714287,9.544285714285715
1250.5714285714287,9.544285714285715
1187.2857142857142,8.557142857142859
1114.5714285714284,7.575714285714286
1114.5714285714284,7.575714285714286
1025.5714285714287,6.585714285714285
1039.4285714285716,5.598571428571429
1039.4285714285716,5.598571428571429
1035.2857142857144,5.595714285714285
1036.857142857143,5.595714285714285
1036.857142857143,5.595714285714285
1070.5882352941178,5.760294117647058
1273.181818181818,9.67878787878788
1273.181818181818,9.67878787878788
2601.8750000000005,15.414062499999998
4195.833333333333,20.85625
4195.833333333333,20.85625
6219.032258064516,30.40161290322581
7515.806451612903,34.89062500000001
7515.806451612903,34.89062500000001
10267.000000000002,41.9046875
11440.322580645163,48.92187500000001
11440.322580645163,48.92187500000001
13067.187500000002,52.078125
13172.727272727274,47.69444444444445
13172.727272727274,47.69444444444445
12540.0,49.01470588235294
